$GPGGA,000000.00,,,,,0,00,999.9,,M,,M,,*66
$GPGSA,A,1,,,,,,,,,,,,,140.0,99.0,99.0*35
$GNGSA,A,1,,,,,,,,,,,,,140.0,99.0,99.0*2B
$GNGSA,A,1,,,,,,,,,,,,,140.0,99.0,99.0*2B
$QZGSA,A,1,,,,,,,,,,,,,140.0,99.0,99.0*29
$IMGSA,A,1,,,,,,,,,,,,,140.0,99.0,99.0*26
$GPRMC,000000.00,V,,,,,,,,,,N*7D
$GPGGA,203538.32,,,,,0,00,999.9,,M,,M,,*68
$GPGSA,A,1,,,,,,,,,,,,,140.0,99.0,99.0*35
$GNGSA,A,1,,,,,,,,,,,,,140.0,99.0,99.0*2B
$GNGSA,A,1,,,,,,,,,,,,,140.0,99.0,99.0*2B
$QZGSA,A,1,,,,,,,,,,,,,140.0,99.0,99.0*29
$IMGSA,A,1,,,,,,,,,,,,,140.0,99.0,99.0*26
$GPRMC,203538.32,V,,,,,,,050219,,,N*7C
$GPGGA,203539.32,,,,,0,00,999.9,,M,,M,,*69
$GPGSV,3,1,09,21,74,177,,26,48,309,,31,44,235,,29,44,059,*70
$GPGSV,3,2,09,25,27,129,,16,21,309,,05,14,047,,20,11,164,*75
$GPGSV,3,3,09,27,02,266,*45
$GLGSV,2,1,07,77,74,259,,87,69,304,,86,32,040,,88,30,249,*6C
$GLGSV,2,2,07,76,27,167,,71,10,073,,70,08,026,*5E
$GPGSA,A,1,,,,,,,,,,,,,140.0,99.0,99.0*35
$GNGSA,A,1,,,,,,,,,,,,,140.0,99.0,99.0*2B
$GNGSA,A,1,,,,,,,,,,,,,140.0,99.0,99.0*2B
$QZGSA,A,1,,,,,,,,,,,,,140.0,99.0,99.0*29
$IMGSA,A,1,,,,,,,,,,,,,140.0,99.0,99.0*26
$GPRMC,203539.32,V,,,,,,,050219,,,N*7D
$GPGGA,203540.32,,,,,0,00,999.9,,M,,M,,*67
$GPGSV,3,1,09,21,74,177,,26,48,309,,31,44,235,,29,44,059,*70
$GPGSV,3,2,09,25,27,129,,16,21,309,,05,14,047,,20,11,164,*75
$GPGSV,3,3,09,27,02,266,*45
$GLGSV,2,1,07,77,74,259,,87,69,304,,86,32,040,,88,30,249,*6C
$GLGSV,2,2,07,76,27,167,,71,10,073,,70,08,026,*5E
$GPGSA,A,1,,,,,,,,,,,,,140.0,99.0,99.0*35
$GNGSA,A,1,,,,,,,,,,,,,140.0,99.0,99.0*2B
$GNGSA,A,1,,,,,,,,,,,,,140.0,99.0,99.0*2B
$QZGSA,A,1,,,,,,,,,,,,,140.0,99.0,99.0*29
$IMGSA,A,1,,,,,,,,,,,,,140.0,99.0,99.0*26
$GPRMC,203540.32,V,,,,,,,050219,,,N*73
$GPGGA,203541.32,,,,,0,00,999.9,,M,,M,,*66
$GPGSV,3,1,09,21,74,177,,26,48,309,,31,44,235,,29,44,059,*70
$GPGSV,3,2,09,25,27,129,,16,21,309,,05,14,047,,20,11,164,*75
$GPGSV,3,3,09,27,02,266,*45
$GLGSV,2,1,07,77,74,259,,87,69,304,,86,32,040,,88,30,249,*6C
$GLGSV,2,2,07,76,27,167,,71,10,073,,70,08,026,*5E
$GPGSA,A,1,,,,,,,,,,,,,140.0,99.0,99.0*35
$GNGSA,A,1,,,,,,,,,,,,,140.0,99.0,99.0*2B
$GNGSA,A,1,,,,,,,,,,,,,140.0,99.0,99.0*2B
$QZGSA,A,1,,,,,,,,,,,,,140.0,99.0,99.0*29
$IMGSA,A,1,,,,,,,,,,,,,140.0,99.0,99.0*26
$GPRMC,203541.32,V,,,,,,,050219,,,N*72
$GPGGA,203542.32,,,,,0,00,999.9,,M,,M,,*65
$GPGSV,3,1,09,29,44,059,19,21,74,177,,26,48,309,,31,44,235,*78
$GPGSV,3,2,09,25,27,129,,16,21,309,,05,14,047,,20,11,164,*75
$GPGSV,3,3,09,27,02,266,*45
$GLGSV,2,1,07,77,74,259,,87,69,305,,86,32,040,,88,30,249,*6D
$GLGSV,2,2,07,76,27,167,,71,10,073,,70,08,026,*5E
$GPGSA,A,1,,,,,,,,,,,,,140.0,99.0,99.0*35
$GNGSA,A,1,,,,,,,,,,,,,140.0,99.0,99.0*2B
$GNGSA,A,1,,,,,,,,,,,,,140.0,99.0,99.0*2B
$QZGSA,A,1,,,,,,,,,,,,,140.0,99.0,99.0*29
$IMGSA,A,1,,,,,,,,,,,,,140.0,99.0,99.0*26
$GPRMC,203542.32,V,,,,,,,050219,,,N*71
$GPGGA,203543.32,,,,,0,00,999.9,,M,,M,,*64
$GPGSV,3,1,09,29,44,059,20,25,27,129,19,20,11,164,22,21,74,177,*77
$GPGSV,3,2,09,26,48,309,,31,44,235,,16,21,309,,05,14,047,*78
$GPGSV,3,3,09,27,02,266,*45
$GLGSV,2,1,07,77,74,259,,87,69,305,,86,32,040,,88,30,249,*6D
$GLGSV,2,2,07,76,27,167,,71,10,073,,70,08,026,*5E
$GPGSA,A,1,,,,,,,,,,,,,140.0,99.0,99.0*35
$GNGSA,A,1,,,,,,,,,,,,,140.0,99.0,99.0*2B
$GNGSA,A,1,,,,,,,,,,,,,140.0,99.0,99.0*2B
$QZGSA,A,1,,,,,,,,,,,,,140.0,99.0,99.0*29
$IMGSA,A,1,,,,,,,,,,,,,140.0,99.0,99.0*26
$GPRMC,203543.32,V,,,,,,,050219,,,N*70
$GPGGA,203544.32,,,,,0,00,999.9,,M,,M,,*63
$GPGSV,3,1,09,29,44,059,20,25,27,129,20,20,11,164,23,21,74,177,*7C
$GPGSV,3,2,09,26,48,309,,31,43,235,,16,21,309,,05,14,047,*7F
$GPGSV,3,3,09,27,02,266,*45
$GLGSV,2,1,07,77,74,259,,87,69,305,,86,32,040,,88,30,249,*6D
$GLGSV,2,2,07,76,27,167,,71,10,073,,70,08,026,*5E
$GPGSA,A,1,,,,,,,,,,,,,140.0,99.0,99.0*35
$GNGSA,A,1,,,,,,,,,,,,,140.0,99.0,99.0*2B
$GNGSA,A,1,,,,,,,,,,,,,140.0,99.0,99.0*2B
$QZGSA,A,1,,,,,,,,,,,,,140.0,99.0,99.0*29
$IMGSA,A,1,,,,,,,,,,,,,140.0,99.0,99.0*26
$GPRMC,203544.32,V,,,,,,,050219,,,N*77
$GPGGA,203545.32,,,,,0,00,999.9,,M,,M,,*62
$GPGSV,3,1,09,29,44,059,24,25,27,129,20,20,11,164,23,21,74,177,*78
$GPGSV,3,2,09,26,48,309,,31,43,235,,16,21,309,,05,14,047,*7F
$GPGSV,3,3,09,27,02,266,*45
$GLGSV,2,1,07,77,74,259,,87,69,305,,86,32,040,,88,30,249,*6D
$GLGSV,2,2,07,76,27,167,,71,10,073,,70,08,026,*5E
$GPGSA,A,1,,,,,,,,,,,,,140.0,99.0,99.0*35
$GNGSA,A,1,,,,,,,,,,,,,140.0,99.0,99.0*2B
$GNGSA,A,1,,,,,,,,,,,,,140.0,99.0,99.0*2B
$QZGSA,A,1,,,,,,,,,,,,,140.0,99.0,99.0*29
$IMGSA,A,1,,,,,,,,,,,,,140.0,99.0,99.0*26
$GPRMC,203545.32,V,,,,,,,050219,,,N*76
$GPGGA,203546.32,,,,,0,00,999.9,,M,,M,,*61
$GPGSV,3,1,09,29,44,059,24,25,27,129,19,20,11,164,23,21,74,177,*72
$GPGSV,3,2,09,26,48,309,,31,43,235,,16,21,309,,05,14,047,*7F
$GPGSV,3,3,09,27,02,266,*45
$GLGSV,2,1,07,77,74,259,,87,69,305,,86,32,040,,88,30,249,*6D
$GLGSV,2,2,07,76,27,167,,71,10,073,,70,08,026,*5E
$GPGSA,A,1,,,,,,,,,,,,,140.0,99.0,99.0*35
$GNGSA,A,1,,,,,,,,,,,,,140.0,99.0,99.0*2B
$GNGSA,A,1,,,,,,,,,,,,,140.0,99.0,99.0*2B
$QZGSA,A,1,,,,,,,,,,,,,140.0,99.0,99.0*29
$IMGSA,A,1,,,,,,,,,,,,,140.0,99.0,99.0*26
$GPRMC,203546.32,V,,,,,,,050219,,,N*75
$GPGGA,203547.32,,,,,0,00,999.9,,M,,M,,*60
$GPGSV,3,1,09,29,44,059,24,25,27,129,19,20,11,164,23,21,74,177,*72
$GPGSV,3,2,09,26,48,309,,31,43,235,,16,21,309,,05,14,047,*7F
$GPGSV,3,3,09,27,02,266,*45
$GLGSV,2,1,07,77,74,259,,87,69,305,,86,32,040,,88,30,249,*6D
$GLGSV,2,2,07,76,27,167,,71,10,073,,70,08,026,*5E
$GPGSA,A,1,,,,,,,,,,,,,140.0,99.0,99.0*35
$GNGSA,A,1,,,,,,,,,,,,,140.0,99.0,99.0*2B
$GNGSA,A,1,,,,,,,,,,,,,140.0,99.0,99.0*2B
$QZGSA,A,1,,,,,,,,,,,,,140.0,99.0,99.0*29
$IMGSA,A,1,,,,,,,,,,,,,140.0,99.0,99.0*26
$GPRMC,203547.32,V,,,,,,,050219,,,N*74
$GPGGA,203548.32,,,,,0,00,999.9,,M,,M,,*6F
$GPGSV,3,1,09,21,74,177,16,29,44,059,25,25,27,129,19,20,11,164,23*74
$GPGSV,3,2,09,26,48,309,,31,43,235,,16,21,309,,05,14,047,*7F
$GPGSV,3,3,09,27,02,266,*45
$GLGSV,2,1,07,77,74,259,,87,69,305,,86,32,040,,88,30,249,*6D
$GLGSV,2,2,07,76,27,167,,71,10,073,,70,08,026,*5E
$GPGSA,A,1,,,,,,,,,,,,,140.0,99.0,99.0*35
$GNGSA,A,1,,,,,,,,,,,,,140.0,99.0,99.0*2B
$GNGSA,A,1,,,,,,,,,,,,,140.0,99.0,99.0*2B
$QZGSA,A,1,,,,,,,,,,,,,140.0,99.0,99.0*29
$IMGSA,A,1,,,,,,,,,,,,,140.0,99.0,99.0*26
$GPRMC,203548.32,V,,,,,,,050219,,,N*7B
$GPGGA,203549.32,,,,,0,00,999.9,,M,,M,,*6E
$GPGSV,3,1,09,21,74,177,20,29,44,059,25,25,27,129,19,20,11,164,23*71
$GPGSV,3,2,09,26,48,309,,31,43,235,,16,21,309,,05,14,047,*7F
$GPGSV,3,3,09,27,02,266,*45
$GLGSV,2,1,07,77,74,259,,87,69,305,,86,32,040,,88,30,249,*6D
$GLGSV,2,2,07,76,27,167,,71,10,073,,70,08,026,*5E
$GPGSA,A,1,,,,,,,,,,,,,140.0,99.0,99.0*35
$GNGSA,A,1,,,,,,,,,,,,,140.0,99.0,99.0*2B
$GNGSA,A,1,,,,,,,,,,,,,140.0,99.0,99.0*2B
$QZGSA,A,1,,,,,,,,,,,,,140.0,99.0,99.0*29
$IMGSA,A,1,,,,,,,,,,,,,140.0,99.0,99.0*26
$GPRMC,203549.32,V,,,,,,,050219,,,N*7A
$GPGGA,203550.32,,,,,0,00,999.9,,M,,M,,*66
$GPGSV,3,1,09,21,74,177,20,29,44,059,24,25,27,129,19,20,11,164,23*70
$GPGSV,3,2,09,26,48,309,,31,43,235,,16,21,309,,05,14,047,*7F
$GPGSV,3,3,09,27,02,266,*45
$GLGSV,2,1,07,77,74,259,,87,69,305,,86,32,040,,88,30,249,*6D
$GLGSV,2,2,07,76,27,167,,71,10,073,,70,08,026,*5E
$GPGSA,A,1,,,,,,,,,,,,,140.0,99.0,99.0*35
$GNGSA,A,1,,,,,,,,,,,,,140.0,99.0,99.0*2B
$GNGSA,A,1,,,,,,,,,,,,,140.0,99.0,99.0*2B
$QZGSA,A,1,,,,,,,,,,,,,140.0,99.0,99.0*29
$IMGSA,A,1,,,,,,,,,,,,,140.0,99.0,99.0*26
$GPRMC,203550.32,V,,,,,,,050219,,,N*72
$GPGGA,203551.32,,,,,0,00,999.9,,M,,M,,*67
$GPGSV,3,1,09,21,74,177,20,29,44,059,24,25,27,129,19,20,11,164,23*70
$GPGSV,3,2,09,26,48,309,,31,43,235,,16,21,309,,05,14,047,*7F
$GPGSV,3,3,09,27,02,266,*45
$GLGSV,2,1,07,77,74,259,,87,69,305,,86,32,040,,88,30,249,*6D
$GLGSV,2,2,07,76,27,167,,71,10,073,,70,08,026,*5E
$GPGSA,A,1,,,,,,,,,,,,,140.0,99.0,99.0*35
$GNGSA,A,1,,,,,,,,,,,,,140.0,99.0,99.0*2B
$GNGSA,A,1,,,,,,,,,,,,,140.0,99.0,99.0*2B
$QZGSA,A,1,,,,,,,,,,,,,140.0,99.0,99.0*29
$IMGSA,A,1,,,,,,,,,,,,,140.0,99.0,99.0*26
$GPRMC,203551.32,V,,,,,,,050219,,,N*73
$GPGGA,203552.32,,,,,0,00,999.9,,M,,M,,*64
$GPGSV,3,1,09,21,74,177,20,29,44,059,24,25,27,129,19,20,11,164,23*70
$GPGSV,3,2,09,26,48,309,,31,43,235,,16,21,309,,05,14,047,*7F
$GPGSV,3,3,09,27,02,266,*45
$GLGSV,2,1,07,77,74,259,,87,69,305,,86,32,040,,88,30,249,*6D
$GLGSV,2,2,07,76,27,167,,71,10,073,,70,08,026,*5E
$GPGSA,A,1,,,,,,,,,,,,,140.0,99.0,99.0*35
$GNGSA,A,1,,,,,,,,,,,,,140.0,99.0,99.0*2B
$GNGSA,A,1,,,,,,,,,,,,,140.0,99.0,99.0*2B
$QZGSA,A,1,,,,,,,,,,,,,140.0,99.0,99.0*29
$IMGSA,A,1,,,,,,,,,,,,,140.0,99.0,99.0*26
$GPRMC,203552.32,V,,,,,,,050219,,,N*70
$GPGGA,203553.32,,,,,0,00,999.9,,M,,M,,*65
$GPGSV,3,1,09,21,74,177,20,29,44,059,24,31,43,235,13,25,27,129,19*73
$GPGSV,3,2,09,20,11,164,23,26,48,309,,16,21,309,,05,14,047,*7E
$GPGSV,3,3,09,27,02,266,*45
$GLGSV,2,1,07,77,74,259,,87,69,305,,86,32,040,,88,30,249,*6D
$GLGSV,2,2,07,76,27,167,,71,10,073,,70,08,026,*5E
$GPGSA,A,1,,,,,,,,,,,,,140.0,99.0,99.0*35
$GNGSA,A,1,,,,,,,,,,,,,140.0,99.0,99.0*2B
$GNGSA,A,1,,,,,,,,,,,,,140.0,99.0,99.0*2B
$QZGSA,A,1,,,,,,,,,,,,,140.0,99.0,99.0*29
$IMGSA,A,1,,,,,,,,,,,,,140.0,99.0,99.0*26
$GPRMC,203553.32,V,,,,,,,050219,,,N*71
$GPGGA,203554.32,,,,,0,00,999.9,,M,,M,,*62
$GPGSV,3,1,09,21,74,177,20,29,44,059,24,31,43,235,16,25,27,129,22*7E
$GPGSV,3,2,09,20,11,164,23,26,48,309,,16,21,309,,05,14,047,*7E
$GPGSV,3,3,09,27,02,266,*45
$GLGSV,2,1,07,77,74,259,,87,69,305,,86,32,040,,88,30,249,*6D
$GLGSV,2,2,07,76,27,167,,71,10,073,,70,08,026,*5E
$GPGSA,A,1,,,,,,,,,,,,,140.0,99.0,99.0*35
$GNGSA,A,1,,,,,,,,,,,,,140.0,99.0,99.0*2B
$GNGSA,A,1,,,,,,,,,,,,,140.0,99.0,99.0*2B
$QZGSA,A,1,,,,,,,,,,,,,140.0,99.0,99.0*29
$IMGSA,A,1,,,,,,,,,,,,,140.0,99.0,99.0*26
$GPRMC,203554.32,V,,,,,,,050219,,,N*76
$GPGGA,203555.32,,,,,0,00,999.9,,M,,M,,*63
$GPGSV,3,1,09,21,74,177,20,29,44,059,24,31,43,235,17,25,27,129,22*7F
$GPGSV,3,2,09,20,11,164,24,26,48,309,,16,21,309,,05,14,047,*79
$GPGSV,3,3,09,27,02,266,*45
$GLGSV,2,1,07,77,74,259,,87,69,305,,86,32,040,,88,30,249,*6D
$GLGSV,2,2,07,76,27,167,,71,10,073,,70,08,026,*5E
$GPGSA,A,1,,,,,,,,,,,,,140.0,99.0,99.0*35
$GNGSA,A,1,,,,,,,,,,,,,140.0,99.0,99.0*2B
$GNGSA,A,1,,,,,,,,,,,,,140.0,99.0,99.0*2B
$QZGSA,A,1,,,,,,,,,,,,,140.0,99.0,99.0*29
$IMGSA,A,1,,,,,,,,,,,,,140.0,99.0,99.0*26
$GPRMC,203555.32,V,,,,,,,050219,,,N*77
$GPGGA,203556.32,,,,,0,00,999.9,,M,,M,,*60
$GPGSV,3,1,09,21,74,177,20,29,44,059,24,31,43,235,17,25,27,129,23*7E
$GPGSV,3,2,09,20,11,164,24,26,48,309,,16,21,309,,05,14,047,*79
$GPGSV,3,3,09,27,02,266,*45
$GLGSV,2,1,07,77,74,259,,87,69,305,,86,32,040,,88,30,249,*6D
$GLGSV,2,2,07,76,27,167,,71,10,073,,70,08,026,*5E
$GPGSA,A,1,,,,,,,,,,,,,140.0,99.0,99.0*35
$GNGSA,A,1,,,,,,,,,,,,,140.0,99.0,99.0*2B
$GNGSA,A,1,,,,,,,,,,,,,140.0,99.0,99.0*2B
$QZGSA,A,1,,,,,,,,,,,,,140.0,99.0,99.0*29
$IMGSA,A,1,,,,,,,,,,,,,140.0,99.0,99.0*26
$GPRMC,203556.32,V,,,,,,,050219,,,N*74
$GPGGA,203557.32,,,,,0,00,999.9,,M,,M,,*61
$GPGSV,3,1,09,21,74,177,20,29,44,059,23,31,43,235,17,25,27,129,23*79
$GPGSV,3,2,09,20,11,164,24,26,48,309,,16,21,309,,05,14,047,*79
$GPGSV,3,3,09,27,02,266,*45
$GLGSV,2,1,07,77,74,259,,87,69,305,,86,32,040,,88,30,249,*6D
$GLGSV,2,2,07,76,27,167,,71,10,073,,70,08,026,*5E
$GPGSA,A,1,,,,,,,,,,,,,140.0,99.0,99.0*35
$GNGSA,A,1,,,,,,,,,,,,,140.0,99.0,99.0*2B
$GNGSA,A,1,,,,,,,,,,,,,140.0,99.0,99.0*2B
$QZGSA,A,1,,,,,,,,,,,,,140.0,99.0,99.0*29
$IMGSA,A,1,,,,,,,,,,,,,140.0,99.0,99.0*26
$GPRMC,203557.32,V,,,,,,,050219,,,N*75
$GPGGA,203648.26,,,,,0,00,999.9,,M,,M,,*69
$GPGSV,3,1,09,21,74,176,,26,49,309,,29,44,060,,31,43,234,*7C
$GPGSV,3,2,09,25,26,129,,16,22,309,,05,14,047,,20,11,164,*77
$GPGSV,3,3,09,27,02,266,*45
$GLGSV,2,1,07,77,74,257,,87,69,306,,86,31,040,,88,30,250,*6B
$GLGSV,2,2,07,76,27,167,,71,10,073,,70,08,026,*5E
$GPGSA,A,1,,,,,,,,,,,,,140.0,99.0,99.0*35
$GNGSA,A,1,,,,,,,,,,,,,140.0,99.0,99.0*2B
$GNGSA,A,1,,,,,,,,,,,,,140.0,99.0,99.0*2B
$QZGSA,A,1,,,,,,,,,,,,,140.0,99.0,99.0*29
$IMGSA,A,1,,,,,,,,,,,,,140.0,99.0,99.0*26
$GPRMC,203648.26,V,,,,,,,050219,,,N*7D
$GPGGA,203649.26,,,,,0,00,999.9,,M,,M,,*68
$GPGSV,3,1,09,21,74,176,,26,49,309,,29,44,060,,31,43,234,*7C
$GPGSV,3,2,09,25,26,129,,16,22,309,,05,14,047,,20,11,164,*77
$GPGSV,3,3,09,27,02,266,*45
$GLGSV,2,1,07,77,74,257,,87,69,306,,86,31,040,,88,30,250,*6B
$GLGSV,2,2,07,76,27,167,,71,10,073,,70,08,026,*5E
$GPGSA,A,1,,,,,,,,,,,,,140.0,99.0,99.0*35
$GNGSA,A,1,,,,,,,,,,,,,140.0,99.0,99.0*2B
$GNGSA,A,1,,,,,,,,,,,,,140.0,99.0,99.0*2B
$QZGSA,A,1,,,,,,,,,,,,,140.0,99.0,99.0*29
$IMGSA,A,1,,,,,,,,,,,,,140.0,99.0,99.0*26
$GPRMC,203649.26,V,,,,,,,050219,,,N*7C
$GPGGA,203650.26,,,,,0,00,999.9,,M,,M,,*60
$GPGSV,3,1,09,21,74,176,,26,49,309,,29,44,060,,31,43,234,*7C
$GPGSV,3,2,09,25,26,129,,16,22,309,,05,14,047,,20,11,164,*77
$GPGSV,3,3,09,27,02,266,*45
$GLGSV,2,1,07,77,74,257,,87,69,306,,86,31,040,,88,30,250,*6B
$GLGSV,2,2,07,76,27,167,,71,10,073,,70,08,026,*5E
$GPGSA,A,1,,,,,,,,,,,,,140.0,99.0,99.0*35
$GNGSA,A,1,,,,,,,,,,,,,140.0,99.0,99.0*2B
$GNGSA,A,1,,,,,,,,,,,,,140.0,99.0,99.0*2B
$QZGSA,A,1,,,,,,,,,,,,,140.0,99.0,99.0*29
$IMGSA,A,1,,,,,,,,,,,,,140.0,99.0,99.0*26
$GPRMC,203650.26,V,,,,,,,050219,,,N*74
$GPGGA,203651.26,,,,,0,00,999.9,,M,,M,,*61
$GPGSV,3,1,09,21,74,176,,26,49,309,,29,44,060,,31,43,234,*7C
$GPGSV,3,2,09,25,26,129,,16,22,309,,05,14,047,,20,11,164,*77
$GPGSV,3,3,09,27,02,266,*45
$GLGSV,2,1,07,77,74,257,,87,69,306,,86,31,040,,88,30,250,*6B
$GLGSV,2,2,07,76,27,167,,71,10,073,,70,08,026,*5E
$GPGSA,A,1,,,,,,,,,,,,,140.0,99.0,99.0*35
$GNGSA,A,1,,,,,,,,,,,,,140.0,99.0,99.0*2B
$GNGSA,A,1,,,,,,,,,,,,,140.0,99.0,99.0*2B
$QZGSA,A,1,,,,,,,,,,,,,140.0,99.0,99.0*29
$IMGSA,A,1,,,,,,,,,,,,,140.0,99.0,99.0*26
$GPRMC,203651.26,V,,,,,,,050219,,,N*75
$GPGGA,203652.26,,,,,0,00,999.9,,M,,M,,*62
$GPGSV,3,1,09,21,74,176,,26,49,309,,29,44,060,,31,43,234,*7C
$GPGSV,3,2,09,25,26,129,,16,22,309,,05,14,047,,20,11,164,*77
$GPGSV,3,3,09,27,02,266,*45
$GLGSV,2,1,07,77,74,257,,87,69,306,,86,31,040,,88,30,250,*6B
$GLGSV,2,2,07,76,27,167,,71,10,073,,70,08,026,*5E
$GPGSA,A,1,,,,,,,,,,,,,140.0,99.0,99.0*35
$GNGSA,A,1,,,,,,,,,,,,,140.0,99.0,99.0*2B
$GNGSA,A,1,,,,,,,,,,,,,140.0,99.0,99.0*2B
$QZGSA,A,1,,,,,,,,,,,,,140.0,99.0,99.0*29
$IMGSA,A,1,,,,,,,,,,,,,140.0,99.0,99.0*26
$GPRMC,203652.26,V,,,,,,,050219,,,N*76
$GPGGA,203653.26,,,,,0,00,999.9,,M,,M,,*63
$GPGSV,3,1,09,21,74,176,,26,49,309,,29,44,060,,31,43,234,*7C
$GPGSV,3,2,09,25,26,129,,16,22,309,,05,14,047,,20,11,164,*77
$GPGSV,3,3,09,27,02,266,*45
$GLGSV,2,1,07,77,74,257,,87,69,306,,86,31,040,,88,30,250,*6B
$GLGSV,2,2,07,76,26,167,,71,10,073,,70,08,026,*5F
$GPGSA,A,1,,,,,,,,,,,,,140.0,99.0,99.0*35
$GNGSA,A,1,,,,,,,,,,,,,140.0,99.0,99.0*2B
$GNGSA,A,1,,,,,,,,,,,,,140.0,99.0,99.0*2B
$QZGSA,A,1,,,,,,,,,,,,,140.0,99.0,99.0*29
$IMGSA,A,1,,,,,,,,,,,,,140.0,99.0,99.0*26
$GPRMC,203653.26,V,,,,,,,050219,,,N*77
$GPGGA,203654.26,,,,,0,00,999.9,,M,,M,,*64
$GPGSV,3,1,09,21,74,176,,26,49,309,,29,44,060,,31,43,234,*7C
$GPGSV,3,2,09,25,26,129,,16,22,309,,05,14,047,,20,11,164,*77
$GPGSV,3,3,09,27,02,266,*45
$GLGSV,2,1,07,77,74,257,,87,69,306,,86,31,040,,88,30,250,*6B
$GLGSV,2,2,07,76,26,167,,71,10,073,,70,08,026,*5F
$GPGSA,A,1,,,,,,,,,,,,,140.0,99.0,99.0*35
$GNGSA,A,1,,,,,,,,,,,,,140.0,99.0,99.0*2B
$GNGSA,A,1,,,,,,,,,,,,,140.0,99.0,99.0*2B
$QZGSA,A,1,,,,,,,,,,,,,140.0,99.0,99.0*29
$IMGSA,A,1,,,,,,,,,,,,,140.0,99.0,99.0*26
$GPRMC,203654.26,V,,,,,,,050219,,,N*70
$GPGGA,203655.26,,,,,0,00,999.9,,M,,M,,*65
$GPGSV,3,1,09,21,74,176,,26,49,309,,29,44,060,,31,43,234,*7C
$GPGSV,3,2,09,25,26,129,,16,22,309,,05,14,047,,20,11,164,*77
$GPGSV,3,3,09,27,02,266,*45
$GLGSV,2,1,07,77,74,257,,87,69,306,,86,31,040,,88,30,250,*6B
$GLGSV,2,2,07,76,26,167,,71,10,073,,70,08,026,*5F
$GPGSA,A,1,,,,,,,,,,,,,140.0,99.0,99.0*35
$GNGSA,A,1,,,,,,,,,,,,,140.0,99.0,99.0*2B
$GNGSA,A,1,,,,,,,,,,,,,140.0,99.0,99.0*2B
$QZGSA,A,1,,,,,,,,,,,,,140.0,99.0,99.0*29
$IMGSA,A,1,,,,,,,,,,,,,140.0,99.0,99.0*26
$GPRMC,203655.26,V,,,,,,,050219,,,N*71
$GPGGA,203656.26,,,,,0,00,999.9,,M,,M,,*66
$GPGSV,3,1,09,21,74,176,,26,49,309,,29,44,060,,31,43,234,*7C
$GPGSV,3,2,09,25,26,129,,16,22,309,,05,14,047,,20,11,164,*77
$GPGSV,3,3,09,27,02,266,*45
$GLGSV,2,1,07,77,74,257,,87,69,307,,86,31,040,,88,30,250,*6A
$GLGSV,2,2,07,76,26,167,,71,10,073,,70,08,026,*5F
$GPGSA,A,1,,,,,,,,,,,,,140.0,99.0,99.0*35
$GNGSA,A,1,,,,,,,,,,,,,140.0,99.0,99.0*2B
$GNGSA,A,1,,,,,,,,,,,,,140.0,99.0,99.0*2B
$QZGSA,A,1,,,,,,,,,,,,,140.0,99.0,99.0*29
$IMGSA,A,1,,,,,,,,,,,,,140.0,99.0,99.0*26
$GPRMC,203656.26,V,,,,,,,050219,,,N*72
$GPGGA,203657.26,,,,,0,00,999.9,,M,,M,,*67
$GPGSV,3,1,09,21,74,176,,26,49,309,,29,44,060,,31,43,234,*7C
$GPGSV,3,2,09,25,26,129,,16,22,309,,05,14,047,,20,11,164,*77
$GPGSV,3,3,09,27,02,266,*45
$GLGSV,2,1,07,77,74,257,,87,69,307,,86,31,040,,88,30,250,*6A
$GLGSV,2,2,07,76,26,167,,71,10,073,,70,08,026,*5F
$GPGSA,A,1,,,,,,,,,,,,,140.0,99.0,99.0*35
$GNGSA,A,1,,,,,,,,,,,,,140.0,99.0,99.0*2B
$GNGSA,A,1,,,,,,,,,,,,,140.0,99.0,99.0*2B
$QZGSA,A,1,,,,,,,,,,,,,140.0,99.0,99.0*29
$IMGSA,A,1,,,,,,,,,,,,,140.0,99.0,99.0*26
$GPRMC,203657.26,V,,,,,,,050219,,,N*73
$GPGGA,203658.26,,,,,0,00,999.9,,M,,M,,*68
$GPGSV,3,1,09,21,74,176,,26,49,309,,29,44,060,,31,43,234,*7C
$GPGSV,3,2,09,25,26,129,,16,22,309,,05,14,047,,20,11,164,*77
$GPGSV,3,3,09,27,02,266,*45
$GLGSV,2,1,07,77,74,257,,87,69,307,,86,31,040,,88,30,250,*6A
$GLGSV,2,2,07,76,26,167,,71,10,073,,70,08,026,*5F
$GPGSA,A,1,,,,,,,,,,,,,140.0,99.0,99.0*35
$GNGSA,A,1,,,,,,,,,,,,,140.0,99.0,99.0*2B
$GNGSA,A,1,,,,,,,,,,,,,140.0,99.0,99.0*2B
$QZGSA,A,1,,,,,,,,,,,,,140.0,99.0,99.0*29
$IMGSA,A,1,,,,,,,,,,,,,140.0,99.0,99.0*26
$GPRMC,203658.26,V,,,,,,,050219,,,N*7C
$GPGGA,203659.26,,,,,0,00,999.9,,M,,M,,*69
$GPGSV,3,1,09,21,74,176,,26,49,309,,29,44,060,,31,43,234,*7C
$GPGSV,3,2,09,25,26,129,,16,22,309,,05,14,047,,20,11,164,*77
$GPGSV,3,3,09,27,02,266,*45
$GLGSV,2,1,07,77,74,257,,87,69,307,,86,31,040,,88,30,250,*6A
$GLGSV,2,2,07,76,26,167,,71,10,073,,70,08,026,*5F
$GPGSA,A,1,,,,,,,,,,,,,140.0,99.0,99.0*35
$GNGSA,A,1,,,,,,,,,,,,,140.0,99.0,99.0*2B
$GNGSA,A,1,,,,,,,,,,,,,140.0,99.0,99.0*2B
$QZGSA,A,1,,,,,,,,,,,,,140.0,99.0,99.0*29
$IMGSA,A,1,,,,,,,,,,,,,140.0,99.0,99.0*26
$GPRMC,203659.26,V,,,,,,,050219,,,N*7D
$GPGGA,203700.26,,,,,0,00,999.9,,M,,M,,*64
$GPGSV,3,1,09,21,74,176,,26,49,309,,29,44,060,,31,43,234,*7C
$GPGSV,3,2,09,25,26,129,,16,22,309,,05,14,047,,20,11,164,*77
$GPGSV,3,3,09,27,02,266,*45
$GLGSV,2,1,07,77,74,257,,87,69,307,,86,31,040,,88,30,250,*6A
$GLGSV,2,2,07,76,26,167,,71,10,073,,70,08,026,*5F
$GPGSA,A,1,,,,,,,,,,,,,140.0,99.0,99.0*35
$GNGSA,A,1,,,,,,,,,,,,,140.0,99.0,99.0*2B
$GNGSA,A,1,,,,,,,,,,,,,140.0,99.0,99.0*2B
$QZGSA,A,1,,,,,,,,,,,,,140.0,99.0,99.0*29
$IMGSA,A,1,,,,,,,,,,,,,140.0,99.0,99.0*26
$GPRMC,203700.26,V,,,,,,,050219,,,N*70
$GPGGA,203701.26,,,,,0,00,999.9,,M,,M,,*65
$GPGSV,3,1,09,27,02,266,,21,74,176,,26,49,309,,29,44,060,*79
$GPGSV,3,2,09,31,43,234,,25,26,129,,16,22,309,,05,14,047,*76
$GPGSV,3,3,09,20,12,164,*42
$GLGSV,2,1,07,77,74,257,,87,69,307,,86,31,040,,88,30,250,*6A
$GLGSV,2,2,07,76,26,167,,71,10,073,,70,08,026,*5F
$GPGSA,A,1,,,,,,,,,,,,,140.0,99.0,99.0*35
$GNGSA,A,1,,,,,,,,,,,,,140.0,99.0,99.0*2B
$GNGSA,A,1,,,,,,,,,,,,,140.0,99.0,99.0*2B
$QZGSA,A,1,,,,,,,,,,,,,140.0,99.0,99.0*29
$IMGSA,A,1,,,,,,,,,,,,,140.0,99.0,99.0*26
$GPRMC,203701.26,V,,,,,,,050219,,,N*71
$GPGGA,203702.26,,,,,0,00,999.9,,M,,M,,*66
$GPGSV,3,1,09,27,02,266,,21,74,176,,26,49,309,,29,44,060,*79
$GPGSV,3,2,09,31,43,234,,25,26,129,,16,22,309,,05,14,047,*76
$GPGSV,3,3,09,20,12,164,*42
$GLGSV,2,1,07,77,74,256,,87,69,307,,86,31,040,,88,30,250,*6B
$GLGSV,2,2,07,76,26,167,,71,10,073,,70,08,026,*5F
$GPGSA,A,1,,,,,,,,,,,,,140.0,99.0,99.0*35
$GNGSA,A,1,,,,,,,,,,,,,140.0,99.0,99.0*2B
$GNGSA,A,1,,,,,,,,,,,,,140.0,99.0,99.0*2B
$QZGSA,A,1,,,,,,,,,,,,,140.0,99.0,99.0*29
$IMGSA,A,1,,,,,,,,,,,,,140.0,99.0,99.0*26
$GPRMC,203702.26,V,,,,,,,050219,,,N*72
$GPGGA,203703.26,,,,,0,00,999.9,,M,,M,,*67
$GPGSV,3,1,09,27,02,266,,21,74,176,,26,49,309,,29,44,060,*79
$GPGSV,3,2,09,31,43,234,,25,26,129,,16,22,309,,05,14,047,*76
$GPGSV,3,3,09,20,12,164,*42
$GLGSV,2,1,07,77,74,256,,87,69,307,,86,31,040,,88,30,250,*6B
$GLGSV,2,2,07,76,26,167,,71,10,073,,70,08,026,*5F
$GPGSA,A,1,,,,,,,,,,,,,140.0,99.0,99.0*35
$GNGSA,A,1,,,,,,,,,,,,,140.0,99.0,99.0*2B
$GNGSA,A,1,,,,,,,,,,,,,140.0,99.0,99.0*2B
$QZGSA,A,1,,,,,,,,,,,,,140.0,99.0,99.0*29
$IMGSA,A,1,,,,,,,,,,,,,140.0,99.0,99.0*26
$GPRMC,203703.26,V,,,,,,,050219,,,N*73
$GPGGA,203704.26,,,,,0,00,999.9,,M,,M,,*60
$GPGSV,3,1,09,20,12,164,12,27,02,266,,21,74,176,,26,49,309,*75
$GPGSV,3,2,09,29,44,060,,31,43,234,,25,26,129,,16,22,309,*78
$GPGSV,3,3,09,05,14,047,*43
$GLGSV,2,1,07,77,74,256,,87,69,307,,86,31,040,,88,30,250,*6B
$GLGSV,2,2,07,76,26,167,,71,10,073,,70,08,026,*5F
$GPGSA,A,1,,,,,,,,,,,,,140.0,99.0,99.0*35
$GNGSA,A,1,,,,,,,,,,,,,140.0,99.0,99.0*2B
$GNGSA,A,1,,,,,,,,,,,,,140.0,99.0,99.0*2B
$QZGSA,A,1,,,,,,,,,,,,,140.0,99.0,99.0*29
$IMGSA,A,1,,,,,,,,,,,,,140.0,99.0,99.0*26
$GPRMC,203704.26,V,,,,,,,050219,,,N*74
$GPGGA,203705.26,,,,,0,00,999.9,,M,,M,,*61
$GPGSV,3,1,09,29,44,060,20,20,12,164,14,27,02,266,,21,74,176,*7F
$GPGSV,3,2,09,26,49,309,,31,43,234,,25,26,129,,16,22,309,*76
$GPGSV,3,3,09,05,14,047,*43
$GLGSV,2,1,07,77,74,256,,87,69,307,,86,31,040,,88,30,250,*6B
$GLGSV,2,2,07,76,26,167,,71,10,073,,70,08,026,*5F
$GPGSA,A,1,,,,,,,,,,,,,140.0,99.0,99.0*35
$GNGSA,A,1,,,,,,,,,,,,,140.0,99.0,99.0*2B
$GNGSA,A,1,,,,,,,,,,,,,140.0,99.0,99.0*2B
$QZGSA,A,1,,,,,,,,,,,,,140.0,99.0,99.0*29
$IMGSA,A,1,,,,,,,,,,,,,140.0,99.0,99.0*26
$GPRMC,203705.26,V,,,,,,,050219,,,N*75
$GPGGA,203706.26,,,,,0,00,999.9,,M,,M,,*62
$GPGSV,3,1,09,29,44,060,20,20,12,164,13,27,02,266,,21,74,176,*78
$GPGSV,3,2,09,26,49,309,,31,43,234,,25,26,129,,16,22,309,*76
$GPGSV,3,3,09,05,14,047,*43
$GLGSV,2,1,07,77,74,256,,87,69,307,,86,31,040,,88,30,250,*6B
$GLGSV,2,2,07,76,26,167,,71,10,073,,70,08,026,*5F
$GPGSA,A,1,,,,,,,,,,,,,140.0,99.0,99.0*35
$GNGSA,A,1,,,,,,,,,,,,,140.0,99.0,99.0*2B
$GNGSA,A,1,,,,,,,,,,,,,140.0,99.0,99.0*2B
$QZGSA,A,1,,,,,,,,,,,,,140.0,99.0,99.0*29
$IMGSA,A,1,,,,,,,,,,,,,140.0,99.0,99.0*26
$GPRMC,203706.26,V,,,,,,,050219,,,N*76
$GPGGA,203707.26,,,,,0,00,999.9,,M,,M,,*63
$GPGSV,3,1,09,29,44,060,22,20,12,164,13,27,02,266,,21,74,176,*7A
$GPGSV,3,2,09,26,49,309,,31,43,234,,25,26,129,,16,22,309,*76
$GPGSV,3,3,09,05,14,047,*43
$GLGSV,2,1,07,77,74,256,,87,69,307,,86,31,040,,88,30,250,*6B
$GLGSV,2,2,07,76,26,167,,71,10,073,,70,08,026,*5F
$GPGSA,A,1,,,,,,,,,,,,,140.0,99.0,99.0*35
$GNGSA,A,1,,,,,,,,,,,,,140.0,99.0,99.0*2B
$GNGSA,A,1,,,,,,,,,,,,,140.0,99.0,99.0*2B
$QZGSA,A,1,,,,,,,,,,,,,140.0,99.0,99.0*29
$IMGSA,A,1,,,,,,,,,,,,,140.0,99.0,99.0*26
$GPRMC,203707.26,V,,,,,,,050219,,,N*77
$GPGGA,203708.26,,,,,0,00,999.9,,M,,M,,*6C
$GPGSV,3,1,09,29,44,060,22,20,12,164,,27,02,266,,21,74,176,*78
$GPGSV,3,2,09,26,49,309,,31,43,234,,25,26,129,,16,22,309,*76
$GPGSV,3,3,09,05,14,047,*43
$GLGSV,2,1,07,77,74,256,,87,69,307,,86,31,040,,88,30,250,*6B
$GLGSV,2,2,07,76,26,167,,71,10,073,,70,08,026,*5F
$GPGSA,A,1,,,,,,,,,,,,,140.0,99.0,99.0*35
$GNGSA,A,1,,,,,,,,,,,,,140.0,99.0,99.0*2B
$GNGSA,A,1,,,,,,,,,,,,,140.0,99.0,99.0*2B
$QZGSA,A,1,,,,,,,,,,,,,140.0,99.0,99.0*29
$IMGSA,A,1,,,,,,,,,,,,,140.0,99.0,99.0*26
$GPRMC,203708.26,V,,,,,,,050219,,,N*78
$GPGGA,203709.26,,,,,0,00,999.9,,M,,M,,*6D
$GPGSV,3,1,09,29,44,060,24,20,12,164,12,27,02,266,,21,74,176,*7D
$GPGSV,3,2,09,26,49,309,,31,43,234,,25,26,129,,16,22,309,*76
$GPGSV,3,3,09,05,14,047,*43
$GLGSV,2,1,07,77,74,256,,87,69,307,,86,31,040,,88,30,250,*6B
$GLGSV,2,2,07,76,26,167,,71,10,073,,70,08,026,*5F
$GPGSA,A,1,,,,,,,,,,,,,140.0,99.0,99.0*35
$GNGSA,A,1,,,,,,,,,,,,,140.0,99.0,99.0*2B
$GNGSA,A,1,,,,,,,,,,,,,140.0,99.0,99.0*2B
$QZGSA,A,1,,,,,,,,,,,,,140.0,99.0,99.0*29
$IMGSA,A,1,,,,,,,,,,,,,140.0,99.0,99.0*26
$GPRMC,203709.26,V,,,,,,,050219,,,N*79
$GPGGA,203710.26,,,,,0,00,999.9,,M,,M,,*65
$GPGSV,3,1,09,26,49,309,17,29,44,060,23,20,12,164,12,27,02,266,*7F
$GPGSV,3,2,09,21,74,176,,31,43,234,,25,26,129,,16,22,309,*75
$GPGSV,3,3,09,05,14,047,*43
$GLGSV,2,1,07,77,74,256,,87,69,307,,86,31,040,,88,30,250,*6B
$GLGSV,2,2,07,76,26,167,,71,10,073,,70,08,026,*5F
$GPGSA,A,1,,,,,,,,,,,,,140.0,99.0,99.0*35
$GNGSA,A,1,,,,,,,,,,,,,140.0,99.0,99.0*2B
$GNGSA,A,1,,,,,,,,,,,,,140.0,99.0,99.0*2B
$QZGSA,A,1,,,,,,,,,,,,,140.0,99.0,99.0*29
$IMGSA,A,1,,,,,,,,,,,,,140.0,99.0,99.0*26
$GPRMC,203710.26,V,,,,,,,050219,,,N*71
$GPGGA,203711.26,,,,,0,00,999.9,,M,,M,,*64
$GPGSV,3,1,09,26,49,309,20,29,44,060,23,20,12,164,11,21,74,176,*7D
$GPGSV,3,2,09,31,43,234,,25,26,129,,16,22,309,,05,14,047,*76
$GPGSV,3,3,09,27,02,266,*45
$GLGSV,2,1,07,87,69,307,22,77,74,256,,86,31,040,,88,30,250,*6B
$GLGSV,2,2,07,76,26,167,,71,10,073,,70,08,025,*5C
$GPGSA,A,1,,,,,,,,,,,,,140.0,99.0,99.0*35
$GNGSA,A,1,,,,,,,,,,,,,140.0,99.0,99.0*2B
$GNGSA,A,1,,,,,,,,,,,,,140.0,99.0,99.0*2B
$QZGSA,A,1,,,,,,,,,,,,,140.0,99.0,99.0*29
$IMGSA,A,1,,,,,,,,,,,,,140.0,99.0,99.0*26
$GPRMC,203711.26,V,,,,,,,050219,,,N*70
$GPGGA,203712.26,,,,,0,00,999.9,,M,,M,,*67
$GPGSV,3,1,09,21,74,176,15,26,49,309,19,29,44,060,23,25,26,129,16*7F
$GPGSV,3,2,09,20,12,164,11,31,43,234,,16,22,309,,05,14,047,*7D
$GPGSV,3,3,09,27,02,266,*45
$GLGSV,2,1,07,87,69,307,22,77,74,256,,86,31,040,,88,30,250,*6B
$GLGSV,2,2,07,76,26,167,,71,10,073,,70,08,025,*5C
$GPGSA,A,1,,,,,,,,,,,,,140.0,99.0,99.0*35
$GNGSA,A,1,,,,,,,,,,,,,140.0,99.0,99.0*2B
$GNGSA,A,1,,,,,,,,,,,,,140.0,99.0,99.0*2B
$QZGSA,A,1,,,,,,,,,,,,,140.0,99.0,99.0*29
$IMGSA,A,1,,,,,,,,,,,,,140.0,99.0,99.0*26
$GPRMC,203712.26,V,,,,,,,050219,,,N*73
$GPGGA,203713.26,,,,,0,00,999.9,,M,,M,,*66
$GPGSV,3,1,09,21,75,176,15,26,49,309,19,29,44,060,23,25,26,129,17*7F
$GPGSV,3,2,09,05,14,047,14,20,12,164,11,31,43,234,,16,22,309,*78
$GPGSV,3,3,09,27,02,266,*45
$GLGSV,2,1,07,87,69,307,22,77,74,256,,86,31,040,,88,30,250,*6B
$GLGSV,2,2,07,76,26,167,,71,10,073,,70,08,025,*5C
$GPGSA,A,1,,,,,,,,,,,,,140.0,99.0,99.0*35
$GNGSA,A,1,,,,,,,,,,,,,140.0,99.0,99.0*2B
$GNGSA,A,1,,,,,,,,,,,,,140.0,99.0,99.0*2B
$QZGSA,A,1,,,,,,,,,,,,,140.0,99.0,99.0*29
$IMGSA,A,1,,,,,,,,,,,,,140.0,99.0,99.0*26
$GPRMC,203713.26,V,,,,,,,050219,,,N*72
$GPGGA,203714.27,4204.339791,N,01217.464624,E,1,05,20.0,177.5,M,45.4,M,,*5B
$GPGSV,3,1,09,21,75,176,16,26,49,309,19,29,44,060,24,25,26,129,17*7B
$GPGSV,3,2,09,05,14,047,,20,12,164,,31,43,234,,16,22,309,*7D
$GPGSV,3,3,09,27,02,266,*45
$GLGSV,2,1,07,87,69,307,21,77,74,256,,86,31,040,,88,30,250,*68
$GLGSV,2,2,07,76,26,167,,71,10,073,,70,08,025,*5C
$GPGSA,A,3,21,25,26,29,,,,,,,,,4.6,3.3,3.3*3B
$GNGSA,A,3,21,25,26,29,,,,,,,,,4.6,3.3,3.3*25
$GNGSA,A,3,87,,,,,,,,,,,,4.6,3.3,3.3*21
$QZGSA,A,3,,,,,,,,,,,,,4.6,3.3,3.3*2C
$IMGSA,A,3,,,,,,,,,,,,,4.6,3.3,3.3*23
$GPRMC,203714.27,A,4204.339791,N,01217.464624,E,001.4,,050219,,,A*7B
$GPGGA,203715.22,4204.340839,N,01217.423988,E,1,05,19.2,114.4,M,45.4,M,,*5A
$GPGSV,3,1,09,21,75,176,16,26,49,309,19,29,44,060,24,25,26,129,17*7B
$GPGSV,3,2,09,05,14,047,13,20,12,164,,31,43,234,,16,22,309,*7F
$GPGSV,3,3,09,27,02,266,*45
$GLGSV,2,1,07,87,69,307,21,86,31,040,14,77,74,256,,88,30,250,*6D
$GLGSV,2,2,07,76,26,167,,71,10,073,,70,08,025,*5C
$GPGSA,A,3,21,25,26,29,,,,,,,,,4.6,3.3,3.3*3B
$GNGSA,A,3,21,25,26,29,,,,,,,,,4.6,3.3,3.3*25
$GNGSA,A,3,87,,,,,,,,,,,,4.6,3.3,3.3*21
$QZGSA,A,3,,,,,,,,,,,,,4.6,3.3,3.3*2C
$IMGSA,A,3,,,,,,,,,,,,,4.6,3.3,3.3*23
$GPRMC,203715.22,A,4204.340839,N,01217.423988,E,001.0,,050219,,,A*72
$GPGGA,203716.23,4204.338841,N,01217.432157,E,1,05,19.2,127.6,M,45.4,M,,*50
$GPGSV,3,1,09,21,75,176,15,26,49,309,19,29,44,060,24,25,26,129,16*79
$GPGSV,3,2,09,05,14,047,13,31,43,234,,16,22,309,,20,12,164,*7F
$GPGSV,3,3,09,27,02,266,*45
$GLGSV,2,1,07,87,69,307,21,86,31,040,15,77,74,256,,88,30,250,*6C
$GLGSV,2,2,07,76,26,167,,71,10,073,,70,08,025,*5C
$GPGSA,A,3,21,25,26,29,,,,,,,,,4.6,3.3,3.3*3B
$GNGSA,A,3,21,25,26,29,,,,,,,,,4.6,3.3,3.3*25
$GNGSA,A,3,87,,,,,,,,,,,,4.6,3.3,3.3*21
$QZGSA,A,3,,,,,,,,,,,,,4.6,3.3,3.3*2C
$IMGSA,A,3,,,,,,,,,,,,,4.6,3.3,3.3*23
$GPRMC,203716.23,A,4204.338841,N,01217.432157,E,001.9,,050219,,,A*73
$GPGGA,203717.23,,,,,0,00,999.9,,M,,M,,*67
$GPGSV,3,1,09,21,75,176,15,26,49,309,19,29,44,060,23,25,26,129,16*7E
$GPGSV,3,2,09,05,14,047,12,31,43,234,,16,22,309,,20,12,164,*7E
$GPGSV,3,3,09,27,02,266,*45
$GLGSV,2,1,07,87,69,307,20,86,31,040,16,77,74,256,,88,30,250,*6E
$GLGSV,2,2,07,76,26,167,,71,10,073,,70,08,025,*5C
$GPGSA,A,1,,,,,,,,,,,,,140.0,99.0,99.0*35
$GNGSA,A,1,,,,,,,,,,,,,140.0,99.0,99.0*2B
$GNGSA,A,1,,,,,,,,,,,,,140.0,99.0,99.0*2B
$QZGSA,A,1,,,,,,,,,,,,,140.0,99.0,99.0*29
$IMGSA,A,1,,,,,,,,,,,,,140.0,99.0,99.0*26
$GPRMC,203717.23,V,,,,,,,050219,,,N*73
$GPGGA,203718.23,,,,,0,00,999.9,,M,,M,,*68
$GPGSV,3,1,09,21,75,176,15,26,49,309,19,29,44,060,23,25,26,129,16*7E
$GPGSV,3,2,09,05,14,047,12,31,43,234,,16,22,309,,20,12,164,*7E
$GPGSV,3,3,09,27,02,266,*45
$GLGSV,2,1,07,87,69,307,20,86,31,040,16,77,74,256,,88,30,250,*6E
$GLGSV,2,2,07,76,26,167,,71,10,073,,70,08,025,*5C
$GPGSA,A,1,,,,,,,,,,,,,140.0,99.0,99.0*35
$GNGSA,A,1,,,,,,,,,,,,,140.0,99.0,99.0*2B
$GNGSA,A,1,,,,,,,,,,,,,140.0,99.0,99.0*2B
$QZGSA,A,1,,,,,,,,,,,,,140.0,99.0,99.0*29
$IMGSA,A,1,,,,,,,,,,,,,140.0,99.0,99.0*26
$GPRMC,203718.23,V,,,,,,,050219,,,N*7C
$GPGGA,203719.23,,,,,0,00,999.9,,M,,M,,*69
$GPGSV,3,1,09,21,75,176,16,26,49,309,18,29,44,060,23,25,26,129,16*7C
$GPGSV,3,2,09,05,14,047,13,31,43,234,,16,22,309,,20,12,164,*7F
$GPGSV,3,3,09,27,02,266,*45
$GLGSV,2,1,07,87,69,307,19,86,31,040,16,77,74,256,,88,30,250,*64
$GLGSV,2,2,07,76,26,167,,71,10,073,,70,08,025,*5C
$GPGSA,A,1,,,,,,,,,,,,,140.0,99.0,99.0*35
$GNGSA,A,1,,,,,,,,,,,,,140.0,99.0,99.0*2B
$GNGSA,A,1,,,,,,,,,,,,,140.0,99.0,99.0*2B
$QZGSA,A,1,,,,,,,,,,,,,140.0,99.0,99.0*29
$IMGSA,A,1,,,,,,,,,,,,,140.0,99.0,99.0*26
$GPRMC,203719.23,V,,,,,,,050219,,,N*7D
$GPGGA,203720.23,,,,,0,00,999.9,,M,,M,,*63
$GPGSV,3,1,09,21,75,176,16,26,49,309,19,31,43,234,12,29,43,060,22*76
$GPGSV,3,2,09,25,26,129,16,05,14,047,13,16,22,309,,20,12,164,*71
$GPGSV,3,3,09,27,02,266,*45
$GLGSV,2,1,07,87,69,307,19,86,31,040,16,77,73,256,,88,30,250,*63
$GLGSV,2,2,07,76,26,167,,71,10,073,,70,08,025,*5C
$GPGSA,A,1,,,,,,,,,,,,,140.0,99.0,99.0*35
$GNGSA,A,1,,,,,,,,,,,,,140.0,99.0,99.0*2B
$GNGSA,A,1,,,,,,,,,,,,,140.0,99.0,99.0*2B
$QZGSA,A,1,,,,,,,,,,,,,140.0,99.0,99.0*29
$IMGSA,A,1,,,,,,,,,,,,,140.0,99.0,99.0*26
$GPRMC,203720.23,V,,,,,,,050219,,,N*77
$GPGGA,203721.23,,,,,0,00,999.9,,M,,M,,*62
$GPGSV,3,1,09,21,75,176,16,26,49,309,19,31,43,234,14,29,43,060,22*70
$GPGSV,3,2,09,25,26,129,16,05,14,047,14,16,22,309,,20,12,164,*76
$GPGSV,3,3,09,27,02,266,*45
$GLGSV,2,1,07,87,69,307,19,86,31,040,16,77,73,256,,88,30,250,*63
$GLGSV,2,2,07,76,26,167,,71,10,073,,70,08,025,*5C
$GPGSA,A,1,,,,,,,,,,,,,140.0,99.0,99.0*35
$GNGSA,A,1,,,,,,,,,,,,,140.0,99.0,99.0*2B
$GNGSA,A,1,,,,,,,,,,,,,140.0,99.0,99.0*2B
$QZGSA,A,1,,,,,,,,,,,,,140.0,99.0,99.0*29
$IMGSA,A,1,,,,,,,,,,,,,140.0,99.0,99.0*26
$GPRMC,203721.23,V,,,,,,,050219,,,N*76
$GPGGA,203722.27,4204.339678,N,01217.439526,E,1,05,19.2,133.4,M,45.4,M,,*58
$GPGSV,3,1,09,21,75,176,16,26,49,309,18,31,43,234,14,29,43,060,26*75
$GPGSV,3,2,09,25,26,129,16,05,14,047,14,16,22,309,,20,12,164,*76
$GPGSV,3,3,09,27,02,266,*45
$GLGSV,2,1,07,87,69,307,19,86,31,040,17,77,73,256,,88,30,250,*62
$GLGSV,2,2,07,76,26,167,,71,10,073,,70,08,025,*5C
$GPGSA,A,3,21,25,26,29,,,,,,,,,4.6,3.3,3.3*3B
$GNGSA,A,3,21,25,26,29,,,,,,,,,4.6,3.3,3.3*25
$GNGSA,A,3,87,,,,,,,,,,,,4.6,3.3,3.3*21
$QZGSA,A,3,,,,,,,,,,,,,4.6,3.3,3.3*2C
$IMGSA,A,3,,,,,,,,,,,,,4.6,3.3,3.3*23
$GPRMC,203722.27,A,4204.339678,N,01217.439526,E,002.2,,050219,,,A*74
$GPGGA,203723.33,4204.337615,N,01217.474015,E,1,06,9.6,141.0,M,45.4,M,,*62
$GPGSV,3,1,09,21,75,176,16,26,49,309,18,31,43,234,14,29,43,060,25*76
$GPGSV,3,2,09,25,26,129,16,05,14,047,15,16,22,309,,20,12,164,*77
$GPGSV,3,3,09,27,02,266,*45
$GLGSV,2,1,07,87,69,307,19,86,31,040,18,77,73,256,,88,30,250,*6D
$GLGSV,2,2,07,76,26,167,,71,10,073,,70,08,025,*5C
$GPGSA,A,3,21,25,26,29,31,,,,,,,,3.7,1.7,3.3*39
$GNGSA,A,3,21,25,26,29,31,,,,,,,,3.7,1.7,3.3*27
$GNGSA,A,3,87,,,,,,,,,,,,3.7,1.7,3.3*21
$QZGSA,A,3,,,,,,,,,,,,,3.7,1.7,3.3*2C
$IMGSA,A,3,,,,,,,,,,,,,3.7,1.7,3.3*23
$GPRMC,203723.33,A,4204.337615,N,01217.474015,E,001.4,,050219,,,A*7C
$GPGGA,203724.33,4204.339277,N,01217.476242,E,1,05,20.0,140.4,M,45.4,M,,*52
$GPGSV,3,1,09,21,75,176,15,26,49,309,18,31,43,234,14,29,43,060,25*75
$GPGSV,3,2,09,25,26,129,16,05,14,047,15,16,22,309,,20,12,164,*77
$GPGSV,3,3,09,27,02,266,*45
$GLGSV,2,1,07,87,69,307,19,86,31,040,18,77,73,256,,88,30,250,*6D
$GLGSV,2,2,07,76,26,167,,71,10,073,,70,08,025,*5C
$GPGSA,A,3,21,25,29,31,,,,,,,,,26.6,3.3,26.4*3D
$GNGSA,A,3,21,25,29,31,,,,,,,,,26.6,3.3,26.4*23
$GNGSA,A,3,87,,,,,,,,,,,,26.6,3.3,26.4*21
$QZGSA,A,3,,,,,,,,,,,,,26.6,3.3,26.4*2C
$IMGSA,A,3,,,,,,,,,,,,,26.6,3.3,26.4*23
$GPRMC,203724.33,A,4204.339277,N,01217.476242,E,002.0,,050219,,,A*70
$GPGGA,203725.34,4204.341245,N,01217.492076,E,1,06,6.4,153.7,M,45.4,M,,*67
$GPGSV,3,1,09,21,75,176,15,26,49,309,18,31,43,234,14,29,43,060,24*74
$GPGSV,3,2,09,25,26,129,16,05,14,047,19,16,22,309,,20,12,164,*7B
$GPGSV,3,3,09,27,02,266,*45
$GLGSV,2,1,07,87,69,307,18,86,31,040,18,77,73,256,,88,30,250,*6C
$GLGSV,2,2,07,76,26,167,,71,10,073,,70,08,025,*5C
$GPGSA,A,3,05,21,25,29,31,,,,,,,,3.2,1.7,2.7*38
$GNGSA,A,3,05,21,25,29,31,,,,,,,,3.2,1.7,2.7*26
$GNGSA,A,3,87,,,,,,,,,,,,3.2,1.7,2.7*21
$QZGSA,A,3,,,,,,,,,,,,,3.2,1.7,2.7*2C
$IMGSA,A,3,,,,,,,,,,,,,3.2,1.7,2.7*23
$GPRMC,203725.34,A,4204.341245,N,01217.492076,E,002.1,,050219,,,A*76
$GPGGA,203726.34,,,,,0,00,999.9,,M,,M,,*63
$GPGSV,3,1,09,21,75,176,15,26,49,309,18,31,43,234,14,29,43,060,24*74
$GPGSV,3,2,09,25,26,129,16,05,14,047,18,16,22,309,,20,12,164,*7A
$GPGSV,3,3,09,27,02,266,*45
$GLGSV,2,1,07,87,69,307,18,86,31,040,18,77,73,256,,88,30,250,*6C
$GLGSV,2,2,07,76,26,167,,71,10,073,,70,08,025,*5C
$GPGSA,A,1,,,,,,,,,,,,,140.0,99.0,99.0*35
$GNGSA,A,1,,,,,,,,,,,,,140.0,99.0,99.0*2B
$GNGSA,A,1,,,,,,,,,,,,,140.0,99.0,99.0*2B
$QZGSA,A,1,,,,,,,,,,,,,140.0,99.0,99.0*29
$IMGSA,A,1,,,,,,,,,,,,,140.0,99.0,99.0*26
$GPRMC,203726.34,V,,,,,,,050219,,,N*77
$GPGGA,203727.34,,,,,0,00,999.9,,M,,M,,*62
$GPGSV,3,1,09,21,75,176,15,26,49,309,18,31,43,234,14,29,43,060,23*73
$GPGSV,3,2,09,25,26,129,16,05,14,047,18,16,22,309,,20,12,164,*7A
$GPGSV,3,3,09,27,02,266,*45
$GLGSV,2,1,07,87,69,307,18,86,31,040,18,77,73,256,,88,30,250,*6C
$GLGSV,2,2,07,76,26,167,,71,10,073,,70,08,025,*5C
$GPGSA,A,1,,,,,,,,,,,,,140.0,99.0,99.0*35
$GNGSA,A,1,,,,,,,,,,,,,140.0,99.0,99.0*2B
$GNGSA,A,1,,,,,,,,,,,,,140.0,99.0,99.0*2B
$QZGSA,A,1,,,,,,,,,,,,,140.0,99.0,99.0*29
$IMGSA,A,1,,,,,,,,,,,,,140.0,99.0,99.0*26
$GPRMC,203727.34,V,,,,,,,050219,,,N*76
$GPGGA,203728.34,,,,,0,00,999.9,,M,,M,,*6D
$GPGSV,3,1,09,21,75,176,15,26,49,309,20,31,43,234,14,29,43,060,23*78
$GPGSV,3,2,09,25,26,129,15,05,14,047,17,16,22,309,,20,12,164,*76
$GPGSV,3,3,09,27,02,266,*45
$GLGSV,2,1,07,87,69,307,17,86,31,040,19,77,73,256,,88,30,250,*62
$GLGSV,2,2,07,76,26,167,,71,10,073,,70,08,025,*5C
$GPGSA,A,1,,,,,,,,,,,,,140.0,99.0,99.0*35
$GNGSA,A,1,,,,,,,,,,,,,140.0,99.0,99.0*2B
$GNGSA,A,1,,,,,,,,,,,,,140.0,99.0,99.0*2B
$QZGSA,A,1,,,,,,,,,,,,,140.0,99.0,99.0*29
$IMGSA,A,1,,,,,,,,,,,,,140.0,99.0,99.0*26
$GPRMC,203728.34,V,,,,,,,050219,,,N*79
$GPGGA,203729.34,,,,,0,00,999.9,,M,,M,,*6C
$GPGSV,3,1,09,21,75,176,15,26,49,309,20,31,43,234,14,29,43,060,22*79
$GPGSV,3,2,09,25,26,129,15,05,14,047,17,16,22,309,,20,12,164,*76
$GPGSV,3,3,09,27,02,266,*45
$GLGSV,2,1,07,87,69,307,16,86,31,040,19,77,73,256,,88,30,250,*63
$GLGSV,2,2,07,76,26,167,,71,10,073,,70,08,025,*5C
$GPGSA,A,1,,,,,,,,,,,,,140.0,99.0,99.0*35
$GNGSA,A,1,,,,,,,,,,,,,140.0,99.0,99.0*2B
$GNGSA,A,1,,,,,,,,,,,,,140.0,99.0,99.0*2B
$QZGSA,A,1,,,,,,,,,,,,,140.0,99.0,99.0*29
$IMGSA,A,1,,,,,,,,,,,,,140.0,99.0,99.0*26
$GPRMC,203729.34,V,,,,,,,050219,,,N*78
$GPGGA,203730.33,4204.342973,N,01217.495603,E,1,05,20.0,155.7,M,45.4,M,,*5F
$GPGSV,3,1,09,21,75,176,15,26,49,309,20,31,43,234,14,29,43,060,22*79
$GPGSV,3,2,09,25,26,129,15,05,14,047,16,16,22,309,,20,12,164,*77
$GPGSV,3,3,09,27,02,266,*45
$GLGSV,2,1,07,87,69,307,15,86,31,040,20,77,73,256,,88,30,250,*6A
$GLGSV,2,2,07,76,26,167,,71,10,073,,70,08,025,*5C
$GPGSA,A,3,05,21,26,29,31,,,,,,,,4.7,2.9,3.6*34
$GNGSA,A,3,05,21,26,29,31,,,,,,,,4.7,2.9,3.6*2A
$GNGSA,A,3,,,,,,,,,,,,,4.7,2.9,3.6*21
$QZGSA,A,3,,,,,,,,,,,,,4.7,2.9,3.6*23
$IMGSA,A,3,,,,,,,,,,,,,4.7,2.9,3.6*2C
$GPRMC,203730.33,A,4204.342973,N,01217.495603,E,001.7,,050219,,,A*7E
$GPGGA,203731.33,,,,,0,00,999.9,,M,,M,,*62
$GPGSV,3,1,09,21,75,176,15,26,49,309,20,31,43,234,14,29,43,060,21*7A
$GPGSV,3,2,09,25,26,129,15,05,14,047,16,16,22,309,,20,12,164,*77
$GPGSV,3,3,09,27,02,266,*45
$GLGSV,2,1,07,87,69,307,15,86,31,040,20,77,73,255,,88,31,250,*68
$GLGSV,2,2,07,76,26,167,,71,10,073,,70,08,025,*5C
$GPGSA,A,1,,,,,,,,,,,,,140.0,99.0,99.0*35
$GNGSA,A,1,,,,,,,,,,,,,140.0,99.0,99.0*2B
$GNGSA,A,1,,,,,,,,,,,,,140.0,99.0,99.0*2B
$QZGSA,A,1,,,,,,,,,,,,,140.0,99.0,99.0*29
$IMGSA,A,1,,,,,,,,,,,,,140.0,99.0,99.0*26
$GPRMC,203731.33,V,,,,,,,050219,,,N*76
$GPGGA,203732.33,4204.343844,N,01217.496522,E,1,05,20.0,157.0,M,45.4,M,,*5F
$GPGSV,3,1,09,21,75,176,15,26,49,309,21,31,43,234,14,29,43,060,21*7B
$GPGSV,3,2,09,25,26,129,15,05,14,047,16,16,22,309,,20,12,164,*77
$GPGSV,3,3,09,27,02,266,*45
$GLGSV,2,1,07,87,69,307,15,86,31,040,19,77,73,255,,88,31,250,*62
$GLGSV,2,2,07,76,26,167,,71,10,073,,70,08,025,*5C
$GPGSA,A,3,05,21,26,29,31,,,,,,,,4.7,3.0,3.6*3C
$GNGSA,A,3,05,21,26,29,31,,,,,,,,4.7,3.0,3.6*22
$GNGSA,A,3,,,,,,,,,,,,,4.7,3.0,3.6*29
$QZGSA,A,3,,,,,,,,,,,,,4.7,3.0,3.6*2B
$IMGSA,A,3,,,,,,,,,,,,,4.7,3.0,3.6*24
$GPRMC,203732.33,A,4204.343844,N,01217.496522,E,001.6,,050219,,,A*7A
$GPGGA,203733.33,,,,,0,00,999.9,,M,,M,,*60
$GPGSV,3,1,09,21,75,176,15,26,49,309,21,31,43,234,14,29,43,060,21*7B
$GPGSV,3,2,09,25,26,129,15,05,14,047,16,16,22,309,,20,12,164,*77
$GPGSV,3,3,09,27,02,266,*45
$GLGSV,2,1,07,87,69,308,16,86,31,040,19,77,73,255,,88,31,250,*6E
$GLGSV,2,2,07,76,26,167,,71,10,072,,70,08,025,*5D
$GPGSA,A,1,,,,,,,,,,,,,140.0,99.0,99.0*35
$GNGSA,A,1,,,,,,,,,,,,,140.0,99.0,99.0*2B
$GNGSA,A,1,,,,,,,,,,,,,140.0,99.0,99.0*2B
$QZGSA,A,1,,,,,,,,,,,,,140.0,99.0,99.0*29
$IMGSA,A,1,,,,,,,,,,,,,140.0,99.0,99.0*26
$GPRMC,203733.33,V,,,,,,,050219,,,N*74
$GPGGA,203734.33,,,,,0,00,999.9,,M,,M,,*67
$GPGSV,3,1,09,21,75,176,15,26,49,309,20,31,43,234,14,29,43,060,20*7B
$GPGSV,3,2,09,25,26,129,15,05,14,047,16,16,22,309,,20,12,164,*77
$GPGSV,3,3,09,27,02,266,*45
$GLGSV,2,1,07,87,69,308,17,86,31,040,19,77,73,255,,88,31,250,*6F
$GLGSV,2,2,07,76,26,167,,71,10,072,,70,08,025,*5D
$GPGSA,A,1,,,,,,,,,,,,,140.0,99.0,99.0*35
$GNGSA,A,1,,,,,,,,,,,,,140.0,99.0,99.0*2B
$GNGSA,A,1,,,,,,,,,,,,,140.0,99.0,99.0*2B
$QZGSA,A,1,,,,,,,,,,,,,140.0,99.0,99.0*29
$IMGSA,A,1,,,,,,,,,,,,,140.0,99.0,99.0*26
$GPRMC,203734.33,V,,,,,,,050219,,,N*73
$GPGGA,203735.33,,,,,0,00,999.9,,M,,M,,*66
$GPGSV,3,1,09,21,75,176,15,26,49,309,20,31,43,234,14,29,43,060,21*7A
$GPGSV,3,2,09,25,26,129,15,05,14,047,16,16,22,309,,20,12,164,*77
$GPGSV,3,3,09,27,02,266,*45
$GLGSV,2,1,07,87,69,308,18,86,31,040,18,77,73,255,,88,31,250,*61
$GLGSV,2,2,07,76,26,167,,71,10,072,,70,08,025,*5D
$GPGSA,A,1,,,,,,,,,,,,,140.0,99.0,99.0*35
$GNGSA,A,1,,,,,,,,,,,,,140.0,99.0,99.0*2B
$GNGSA,A,1,,,,,,,,,,,,,140.0,99.0,99.0*2B
$QZGSA,A,1,,,,,,,,,,,,,140.0,99.0,99.0*29
$IMGSA,A,1,,,,,,,,,,,,,140.0,99.0,99.0*26
$GPRMC,203735.33,V,,,,,,,050219,,,N*72
$GPGGA,203736.32,4204.345078,N,01217.497765,E,1,05,20.0,159.7,M,45.4,M,,*52
$GPGSV,3,1,09,21,75,176,15,26,49,309,20,31,43,234,15,29,43,060,22*78
$GPGSV,3,2,09,25,26,129,15,05,14,047,15,16,22,309,,20,12,164,*74
$GPGSV,3,3,09,27,02,266,*45
$GLGSV,2,1,07,87,69,308,19,86,31,040,18,77,73,255,,88,31,250,*60
$GLGSV,2,2,07,76,26,167,,71,10,072,,70,08,025,*5D
$GPGSA,A,3,05,21,26,29,31,,,,,,,,4.7,3.0,3.6*3C
$GNGSA,A,3,05,21,26,29,31,,,,,,,,4.7,3.0,3.6*22
$GNGSA,A,3,,,,,,,,,,,,,4.7,3.0,3.6*29
$QZGSA,A,3,,,,,,,,,,,,,4.7,3.0,3.6*2B
$IMGSA,A,3,,,,,,,,,,,,,4.7,3.0,3.6*24
$GPRMC,203736.32,A,4204.345078,N,01217.497765,E,000.8,,050219,,,A*71
$GPGGA,203737.32,,,,,0,00,999.9,,M,,M,,*65
$GPGSV,3,1,09,21,75,176,15,26,49,309,20,31,43,234,15,29,43,060,21*7B
$GPGSV,3,2,09,25,26,129,15,05,14,047,15,16,22,309,,20,12,164,*74
$GPGSV,3,3,09,27,02,266,*45
$GLGSV,2,1,07,87,69,308,20,86,31,040,18,77,73,255,,88,31,250,*6A
$GLGSV,2,2,07,76,26,167,,71,10,072,,70,08,025,*5D
$GPGSA,A,1,,,,,,,,,,,,,140.0,99.0,99.0*35
$GNGSA,A,1,,,,,,,,,,,,,140.0,99.0,99.0*2B
$GNGSA,A,1,,,,,,,,,,,,,140.0,99.0,99.0*2B
$QZGSA,A,1,,,,,,,,,,,,,140.0,99.0,99.0*29
$IMGSA,A,1,,,,,,,,,,,,,140.0,99.0,99.0*26
$GPRMC,203737.32,V,,,,,,,050219,,,N*71
$GPGGA,203738.32,,,,,0,00,999.9,,M,,M,,*6A
$GPGSV,3,1,09,21,75,176,15,26,49,309,20,31,43,234,15,29,43,060,21*7B
$GPGSV,3,2,09,25,26,129,15,05,14,047,15,16,22,309,,20,12,164,*74
$GPGSV,3,3,09,27,02,266,*45
$GLGSV,2,1,07,87,69,308,20,86,31,040,18,77,73,255,,88,31,250,*6A
$GLGSV,2,2,07,76,26,167,,71,10,072,,70,08,025,*5D
$GPGSA,A,1,,,,,,,,,,,,,140.0,99.0,99.0*35
$GNGSA,A,1,,,,,,,,,,,,,140.0,99.0,99.0*2B
$GNGSA,A,1,,,,,,,,,,,,,140.0,99.0,99.0*2B
$QZGSA,A,1,,,,,,,,,,,,,140.0,99.0,99.0*29
$IMGSA,A,1,,,,,,,,,,,,,140.0,99.0,99.0*26
$GPRMC,203738.32,V,,,,,,,050219,,,N*7E
$GPGGA,203739.32,,,,,0,00,999.9,,M,,M,,*6B
$GPGSV,3,1,09,21,75,176,14,26,49,309,20,31,43,234,15,29,43,060,22*79
$GPGSV,3,2,09,25,26,129,16,05,14,047,15,16,22,309,,20,12,164,*77
$GPGSV,3,3,09,27,02,266,*45
$GLGSV,2,1,07,87,69,308,20,86,31,040,19,77,73,255,,88,31,250,*6B
$GLGSV,2,2,07,76,26,167,,71,10,072,,70,08,025,*5D
$GPGSA,A,1,,,,,,,,,,,,,140.0,99.0,99.0*35
$GNGSA,A,1,,,,,,,,,,,,,140.0,99.0,99.0*2B
$GNGSA,A,1,,,,,,,,,,,,,140.0,99.0,99.0*2B
$QZGSA,A,1,,,,,,,,,,,,,140.0,99.0,99.0*29
$IMGSA,A,1,,,,,,,,,,,,,140.0,99.0,99.0*26
$GPRMC,203739.32,V,,,,,,,050219,,,N*7F
$GPGGA,203740.32,,,,,0,00,999.9,,M,,M,,*65
$GPGSV,3,1,09,21,75,176,14,26,49,309,19,31,43,234,15,29,43,060,23*72
$GPGSV,3,2,09,25,26,129,16,05,14,047,15,16,22,309,,20,12,164,*77
$GPGSV,3,3,09,27,02,266,*45
$GLGSV,2,1,07,87,69,308,19,86,31,040,19,77,73,255,,88,31,250,*61
$GLGSV,2,2,07,76,26,167,,71,10,072,,70,08,025,*5D
$GPGSA,A,1,,,,,,,,,,,,,140.0,99.0,99.0*35
$GNGSA,A,1,,,,,,,,,,,,,140.0,99.0,99.0*2B
$GNGSA,A,1,,,,,,,,,,,,,140.0,99.0,99.0*2B
$QZGSA,A,1,,,,,,,,,,,,,140.0,99.0,99.0*29
$IMGSA,A,1,,,,,,,,,,,,,140.0,99.0,99.0*26
$GPRMC,203740.32,V,,,,,,,050219,,,N*71
$GPGGA,203741.32,,,,,0,00,999.9,,M,,M,,*64
$GPGSV,3,1,09,21,75,176,14,26,49,309,19,31,43,234,15,29,43,060,23*72
$GPGSV,3,2,09,25,26,129,18,05,14,047,16,16,22,309,,20,12,164,*7A
$GPGSV,3,3,09,27,02,266,*45
$GLGSV,2,1,07,87,69,308,19,86,31,040,19,77,73,255,,88,31,250,*61
$GLGSV,2,2,07,76,26,167,,71,10,072,,70,08,025,*5D
$GPGSA,A,1,,,,,,,,,,,,,140.0,99.0,99.0*35
$GNGSA,A,1,,,,,,,,,,,,,140.0,99.0,99.0*2B
$GNGSA,A,1,,,,,,,,,,,,,140.0,99.0,99.0*2B
$QZGSA,A,1,,,,,,,,,,,,,140.0,99.0,99.0*29
$IMGSA,A,1,,,,,,,,,,,,,140.0,99.0,99.0*26
$GPRMC,203741.32,V,,,,,,,050219,,,N*70
$GPGGA,203742.32,4204.344197,N,01217.497322,E,1,06,9.6,165.9,M,45.4,M,,*68
$GPGSV,3,1,09,21,75,176,14,26,49,309,19,31,43,234,15,29,43,060,23*72
$GPGSV,3,2,09,25,26,129,19,05,14,046,16,16,22,309,,20,12,164,*7A
$GPGSV,3,3,09,27,02,266,*45
$GLGSV,2,1,07,87,69,308,20,86,31,040,19,77,73,255,,88,31,250,*6B
$GLGSV,2,2,07,76,26,167,,71,10,072,,70,08,025,*5D
$GPGSA,A,3,05,25,26,29,31,,,,,,,,3.4,2.2,2.6*3E
$GNGSA,A,3,05,25,26,29,31,,,,,,,,3.4,2.2,2.6*20
$GNGSA,A,3,87,,,,,,,,,,,,3.4,2.2,2.6*20
$QZGSA,A,3,,,,,,,,,,,,,3.4,2.2,2.6*2D
$IMGSA,A,3,,,,,,,,,,,,,3.4,2.2,2.6*22
$GPRMC,203742.32,A,4204.344197,N,01217.497322,E,001.7,,050219,,,A*7A
$GPGGA,203743.32,4204.343622,N,01217.497272,E,1,06,9.6,170.8,M,45.4,M,,*66
$GPGSV,3,1,09,21,75,176,14,26,49,309,19,31,43,234,15,29,43,060,24*75
$GPGSV,3,2,09,25,26,129,20,05,14,046,16,16,22,309,,20,12,164,*70
$GPGSV,3,3,09,27,02,266,*45
$GLGSV,2,1,07,87,69,308,20,86,31,040,19,77,73,255,,88,31,250,*6B
$GLGSV,2,2,07,76,26,167,,71,10,072,,70,08,025,*5D
$GPGSA,A,3,05,25,26,29,31,,,,,,,,3.4,2.2,2.6*3E
$GNGSA,A,3,05,25,26,29,31,,,,,,,,3.4,2.2,2.6*20
$GNGSA,A,3,87,,,,,,,,,,,,3.4,2.2,2.6*20
$QZGSA,A,3,,,,,,,,,,,,,3.4,2.2,2.6*2D
$IMGSA,A,3,,,,,,,,,,,,,3.4,2.2,2.6*22
$GPRMC,203743.32,A,4204.343622,N,01217.497272,E,001.5,,050219,,,A*73
$GPGGA,203744.38,4204.339895,N,01217.500279,E,1,07,9.6,177.3,M,45.4,M,,*6D
$GPGSV,3,1,09,21,75,176,14,26,49,309,18,31,43,234,15,29,43,060,25*75
$GPGSV,3,2,09,25,26,129,22,05,14,046,16,16,22,309,,20,12,164,*72
$GPGSV,3,3,09,27,02,266,*45
$GLGSV,2,1,07,87,69,308,20,86,31,040,20,77,73,255,,88,31,250,*61
$GLGSV,2,2,07,76,26,167,,71,10,072,,70,08,025,*5D
$GPGSA,A,3,05,25,26,29,31,,,,,,,,3.1,1.7,2.6*3D
$GNGSA,A,3,05,25,26,29,31,,,,,,,,3.1,1.7,2.6*23
$GNGSA,A,3,86,87,,,,,,,,,,,3.1,1.7,2.6*2D
$QZGSA,A,3,,,,,,,,,,,,,3.1,1.7,2.6*2E
$IMGSA,A,3,,,,,,,,,,,,,3.1,1.7,2.6*21
$GPRMC,203744.38,A,4204.339895,N,01217.500279,E,001.0,,050219,,,A*70
$GPGGA,203745.38,,,,,0,00,999.9,,M,,M,,*6A
$GPGSV,3,1,09,21,75,176,14,26,49,309,18,31,43,234,15,29,43,060,25*75
$GPGSV,3,2,09,25,26,129,22,05,14,046,16,16,22,309,,20,12,164,*72
$GPGSV,3,3,09,27,02,266,*45
$GLGSV,2,1,07,87,69,308,19,86,31,040,20,77,73,255,,88,31,250,*6B
$GLGSV,2,2,07,76,26,167,,71,10,072,,70,08,025,*5D
$GPGSA,A,1,,,,,,,,,,,,,140.0,99.0,99.0*35
$GNGSA,A,1,,,,,,,,,,,,,140.0,99.0,99.0*2B
$GNGSA,A,1,,,,,,,,,,,,,140.0,99.0,99.0*2B
$QZGSA,A,1,,,,,,,,,,,,,140.0,99.0,99.0*29
$IMGSA,A,1,,,,,,,,,,,,,140.0,99.0,99.0*26
$GPRMC,203745.38,V,,,,,,,050219,,,N*7E
$GPGGA,203746.38,,,,,0,00,999.9,,M,,M,,*69
$GPGSV,3,1,09,21,75,176,14,26,49,309,18,31,43,234,15,29,43,060,25*75
$GPGSV,3,2,09,25,26,129,22,05,14,046,16,16,22,309,,20,12,164,*72
$GPGSV,3,3,09,27,02,266,*45
$GLGSV,2,1,07,87,69,308,19,86,31,040,20,77,73,255,,88,31,250,*6B
$GLGSV,2,2,07,76,26,167,,71,10,072,,70,08,025,*5D
$GPGSA,A,1,,,,,,,,,,,,,140.0,99.0,99.0*35
$GNGSA,A,1,,,,,,,,,,,,,140.0,99.0,99.0*2B
$GNGSA,A,1,,,,,,,,,,,,,140.0,99.0,99.0*2B
$QZGSA,A,1,,,,,,,,,,,,,140.0,99.0,99.0*29
$IMGSA,A,1,,,,,,,,,,,,,140.0,99.0,99.0*26
$GPRMC,203746.38,V,,,,,,,050219,,,N*7D
$GPGGA,203747.38,,,,,0,00,999.9,,M,,M,,*68
$GPGSV,3,1,09,21,75,176,14,26,49,309,18,31,43,234,15,29,43,060,25*75
$GPGSV,3,2,09,25,26,129,22,05,14,046,16,16,22,309,,20,12,164,*72
$GPGSV,3,3,09,27,02,266,*45
$GLGSV,2,1,07,87,69,308,19,86,31,040,21,77,73,255,,88,31,250,*6A
$GLGSV,2,2,07,76,26,167,,71,10,072,,70,08,025,*5D
$GPGSA,A,1,,,,,,,,,,,,,140.0,99.0,99.0*35
$GNGSA,A,1,,,,,,,,,,,,,140.0,99.0,99.0*2B
$GNGSA,A,1,,,,,,,,,,,,,140.0,99.0,99.0*2B
$QZGSA,A,1,,,,,,,,,,,,,140.0,99.0,99.0*29
$IMGSA,A,1,,,,,,,,,,,,,140.0,99.0,99.0*26
$GPRMC,203747.38,V,,,,,,,050219,,,N*7C
$GPGGA,203748.38,4204.338903,N,01217.500847,E,1,05,20.0,178.5,M,45.4,M,,*5F
$GPGSV,3,1,09,21,75,176,14,26,49,309,18,31,43,234,15,29,43,060,24*74
$GPGSV,3,2,09,25,26,129,22,05,14,046,16,16,22,309,,20,12,164,*72
$GPGSV,3,3,09,27,02,266,*45
$GLGSV,2,1,07,87,69,308,19,86,31,040,21,77,73,255,,88,31,250,*6A
$GLGSV,2,2,07,76,26,167,,71,10,072,,70,08,025,*5D
$GPGSA,A,3,05,25,26,29,,,,,,,,,4.9,3.3,3.7*36
$GNGSA,A,3,05,25,26,29,,,,,,,,,4.9,3.3,3.7*28
$GNGSA,A,3,86,,,,,,,,,,,,4.9,3.3,3.7*2B
$QZGSA,A,3,,,,,,,,,,,,,4.9,3.3,3.7*27
$IMGSA,A,3,,,,,,,,,,,,,4.9,3.3,3.7*28
$GPRMC,203748.38,A,4204.338903,N,01217.500847,E,000.2,,050219,,,A*77
$GPGGA,203749.38,,,,,0,00,999.9,,M,,M,,*66
$GPGSV,3,1,09,21,75,176,13,26,49,309,18,31,43,234,14,29,43,060,24*72
$GPGSV,3,2,09,25,26,129,21,05,14,046,15,16,22,309,,20,12,164,*72
$GPGSV,3,3,09,27,02,266,*45
$GLGSV,2,1,07,87,69,308,19,86,31,040,21,77,73,255,,88,31,250,*6A
$GLGSV,2,2,07,76,26,167,,71,10,072,,70,08,025,*5D
$GPGSA,A,1,,,,,,,,,,,,,140.0,99.0,99.0*35
$GNGSA,A,1,,,,,,,,,,,,,140.0,99.0,99.0*2B
$GNGSA,A,1,,,,,,,,,,,,,140.0,99.0,99.0*2B
$QZGSA,A,1,,,,,,,,,,,,,140.0,99.0,99.0*29
$IMGSA,A,1,,,,,,,,,,,,,140.0,99.0,99.0*26
$GPRMC,203749.38,V,,,,,,,050219,,,N*72
$GPGGA,203750.35,4204.338568,N,01217.501646,E,1,05,19.2,181.0,M,45.4,M,,*5F
$GPGSV,3,1,09,21,75,176,13,26,49,309,18,31,43,234,14,29,43,060,25*73
$GPGSV,3,2,09,25,26,129,23,05,14,046,15,16,22,309,,20,12,164,*70
$GPGSV,3,3,09,27,02,266,*45
$GLGSV,2,1,07,87,69,308,19,86,31,040,21,77,73,255,,88,31,250,*6A
$GLGSV,2,2,07,76,26,167,,71,10,072,,70,08,025,*5D
$GPGSA,A,3,25,26,29,,,,,,,,,,5.5,3.5,4.2*3A
$GNGSA,A,3,25,26,29,,,,,,,,,,5.5,3.5,4.2*24
$GNGSA,A,3,86,87,,,,,,,,,,,5.5,3.5,4.2*2D
$QZGSA,A,3,,,,,,,,,,,,,5.5,3.5,4.2*2E
$IMGSA,A,3,,,,,,,,,,,,,5.5,3.5,4.2*21
$GPRMC,203750.35,A,4204.338568,N,01217.501646,E,001.4,,050219,,,A*7B
$GPGGA,203751.35,,,,,0,05,25.0,181.5,M,45.4,M,,*68
$GPGSV,3,1,09,21,75,176,13,26,49,309,18,31,43,234,14,29,43,060,25*73
$GPGSV,3,2,09,25,26,129,22,05,14,046,15,16,22,309,,20,12,164,*71
$GPGSV,3,3,09,27,02,266,*45
$GLGSV,2,1,07,87,69,308,18,86,31,040,21,77,73,255,,88,31,250,*6B
$GLGSV,2,2,07,76,26,167,,71,10,072,,70,08,025,*5D
$GPGSA,A,1,,,,,,,,,,,,,5.5,3.5,4.2*30
$GNGSA,A,1,,,,,,,,,,,,,5.5,3.5,4.2*2E
$GNGSA,A,1,,,,,,,,,,,,,5.5,3.5,4.2*2E
$QZGSA,A,1,,,,,,,,,,,,,5.5,3.5,4.2*2C
$IMGSA,A,1,,,,,,,,,,,,,5.5,3.5,4.2*23
$GPRMC,203751.35,V,,,,,,,050219,,,N*76
$GPGGA,203752.35,,,,,0,05,25.0,182.8,M,45.4,M,,*65
$GPGSV,3,1,09,21,75,176,13,26,49,309,17,31,43,234,14,29,43,060,25*7C
$GPGSV,3,2,09,25,26,129,22,05,14,046,15,16,22,309,,20,12,163,*76
$GPGSV,3,3,09,27,02,266,*45
$GLGSV,2,1,07,87,69,308,18,86,31,040,21,77,73,255,,88,31,250,*6B
$GLGSV,2,2,07,76,26,167,,71,10,072,,70,08,025,*5D
$GPGSA,A,1,,,,,,,,,,,,,5.5,3.5,4.2*30
$GNGSA,A,1,,,,,,,,,,,,,5.5,3.5,4.2*2E
$GNGSA,A,1,,,,,,,,,,,,,5.5,3.5,4.2*2E
$QZGSA,A,1,,,,,,,,,,,,,5.5,3.5,4.2*2C
$IMGSA,A,1,,,,,,,,,,,,,5.5,3.5,4.2*23
$GPRMC,203752.35,V,,,,,,,050219,,,N*75
$GPGGA,203753.35,4204.338417,N,01217.503141,E,1,05,19.2,184.4,M,45.4,M,,*56
$GPGSV,3,1,09,21,75,176,12,26,49,309,18,31,43,234,14,29,43,060,25*72
$GPGSV,3,2,09,25,26,129,22,05,14,046,15,16,22,309,,20,12,163,*76
$GPGSV,3,3,09,27,02,266,*45
$GLGSV,2,1,07,87,69,308,18,86,31,040,21,77,73,255,,88,31,250,*6B
$GLGSV,2,2,07,76,26,167,,71,10,072,,70,08,025,*5D
$GPGSA,A,3,25,26,29,,,,,,,,,,5.5,3.5,4.2*3A
$GNGSA,A,3,25,26,29,,,,,,,,,,5.5,3.5,4.2*24
$GNGSA,A,3,86,87,,,,,,,,,,,5.5,3.5,4.2*2D
$QZGSA,A,3,,,,,,,,,,,,,5.5,3.5,4.2*2E
$IMGSA,A,3,,,,,,,,,,,,,5.5,3.5,4.2*21
$GPRMC,203753.35,A,4204.338417,N,01217.503141,E,000.6,,050219,,,A*70
$GPGGA,203754.36,4204.338078,N,01217.503986,E,1,05,19.2,185.1,M,45.4,M,,*58
$GPGSV,3,1,09,21,75,176,12,26,49,309,18,31,43,234,14,29,43,060,25*72
$GPGSV,3,2,09,25,26,129,22,05,14,046,14,16,22,309,,20,12,163,*77
$GPGSV,3,3,09,27,02,266,*45
$GLGSV,2,1,07,87,69,308,18,86,31,040,21,77,73,255,,88,31,250,*6B
$GLGSV,2,2,07,76,26,167,,71,10,072,,70,08,025,*5D
$GPGSA,A,3,25,26,29,,,,,,,,,,5.5,3.5,4.2*3A
$GNGSA,A,3,25,26,29,,,,,,,,,,5.5,3.5,4.2*24
$GNGSA,A,3,86,87,,,,,,,,,,,5.5,3.5,4.2*2D
$QZGSA,A,3,,,,,,,,,,,,,5.5,3.5,4.2*2E
$IMGSA,A,3,,,,,,,,,,,,,5.5,3.5,4.2*21
$GPRMC,203754.36,A,4204.338078,N,01217.503986,E,003.0,,050219,,,A*7F
$GPGGA,203755.36,,,,,0,00,999.9,,M,,M,,*65
$GPGSV,3,1,09,21,75,176,12,26,49,309,18,31,43,234,13,29,43,060,25*75
$GPGSV,3,2,09,25,26,129,22,05,14,046,14,16,22,309,,20,12,163,*77
$GPGSV,3,3,09,27,02,266,*45
$GLGSV,2,1,07,87,69,308,18,86,31,040,20,77,73,255,,88,31,250,*6A
$GLGSV,2,2,07,76,26,167,,71,10,072,,70,08,025,*5D
$GPGSA,A,1,,,,,,,,,,,,,140.0,99.0,99.0*35
$GNGSA,A,1,,,,,,,,,,,,,140.0,99.0,99.0*2B
$GNGSA,A,1,,,,,,,,,,,,,140.0,99.0,99.0*2B
$QZGSA,A,1,,,,,,,,,,,,,140.0,99.0,99.0*29
$IMGSA,A,1,,,,,,,,,,,,,140.0,99.0,99.0*26
$GPRMC,203755.36,V,,,,,,,050219,,,N*71
$GPGGA,203756.36,,,,,0,00,999.9,,M,,M,,*66
$GPGSV,3,1,09,21,75,176,12,26,49,309,18,31,43,234,,29,43,060,25*77
$GPGSV,3,2,09,25,26,129,22,05,14,046,14,16,22,309,,20,12,163,*77
$GPGSV,3,3,09,27,02,266,*45
$GLGSV,2,1,07,87,69,308,18,86,31,040,20,77,73,255,,88,31,250,*6A
$GLGSV,2,2,07,76,26,167,,71,10,072,,70,08,025,*5D
$GPGSA,A,1,,,,,,,,,,,,,140.0,99.0,99.0*35
$GNGSA,A,1,,,,,,,,,,,,,140.0,99.0,99.0*2B
$GNGSA,A,1,,,,,,,,,,,,,140.0,99.0,99.0*2B
$QZGSA,A,1,,,,,,,,,,,,,140.0,99.0,99.0*29
$IMGSA,A,1,,,,,,,,,,,,,140.0,99.0,99.0*26
$GPRMC,203756.36,V,,,,,,,050219,,,N*72
$GPGGA,203757.34,4204.335989,N,01217.505178,E,1,06,9.6,186.0,M,45.4,M,,*68
$GPGSV,3,1,09,21,75,176,12,26,49,309,18,31,43,234,,29,43,060,25*77
$GPGSV,3,2,09,25,26,129,22,05,14,046,19,16,22,309,,20,12,163,*7A
$GPGSV,3,3,09,27,02,266,*45
$GLGSV,2,1,07,87,69,308,18,86,31,040,20,77,73,255,,88,31,250,*6A
$GLGSV,2,2,07,76,26,167,,71,10,072,,70,08,025,*5D
$GPGSA,A,3,05,25,26,29,,,,,,,,,4.7,3.2,3.5*3B
$GNGSA,A,3,05,25,26,29,,,,,,,,,4.7,3.2,3.5*25
$GNGSA,A,3,86,87,,,,,,,,,,,4.7,3.2,3.5*29
$QZGSA,A,3,,,,,,,,,,,,,4.7,3.2,3.5*2A
$IMGSA,A,3,,,,,,,,,,,,,4.7,3.2,3.5*25
$GPRMC,203757.34,A,4204.335989,N,01217.505178,E,002.4,,050219,,,A*7E
$GPGGA,203758.33,4204.335750,N,01217.504482,E,1,06,12.8,186.2,M,45.4,M,,*5D
$GPGSV,3,1,09,21,75,176,,26,49,309,21,29,43,060,25,25,26,129,21*74
$GPGSV,3,2,09,05,14,046,19,31,43,234,,16,22,309,,20,12,163,*73
$GPGSV,3,3,09,27,02,266,*45
$GLGSV,2,1,07,87,69,308,18,86,31,040,20,77,73,255,,88,31,250,*6A
$GLGSV,2,2,07,76,26,167,,71,10,072,,70,08,025,*5D
$GPGSA,A,3,05,25,26,29,,,,,,,,,4.7,3.2,3.5*3B
$GNGSA,A,3,05,25,26,29,,,,,,,,,4.7,3.2,3.5*25
$GNGSA,A,3,86,87,,,,,,,,,,,4.7,3.2,3.5*29
$QZGSA,A,3,,,,,,,,,,,,,4.7,3.2,3.5*2A
$IMGSA,A,3,,,,,,,,,,,,,4.7,3.2,3.5*25
$GPRMC,203758.33,A,4204.335750,N,01217.504482,E,002.8,,050219,,,A*71
$GPGGA,203759.32,4204.335545,N,01217.503063,E,1,06,12.8,185.3,M,45.4,M,,*55
$GPGSV,3,1,09,21,75,176,,26,49,309,20,29,43,060,24,25,26,129,21*74
$GPGSV,3,2,09,05,14,046,19,31,43,234,,16,22,309,,20,12,163,*73
$GPGSV,3,3,09,27,02,266,*45
$GLGSV,2,1,07,87,69,308,18,86,31,040,20,77,73,255,,88,31,250,*6A
$GLGSV,2,2,07,76,26,167,,71,10,072,,70,08,025,*5D
$GPGSA,A,3,05,25,26,29,,,,,,,,,4.7,3.2,3.5*3B
$GNGSA,A,3,05,25,26,29,,,,,,,,,4.7,3.2,3.5*25
$GNGSA,A,3,86,87,,,,,,,,,,,4.7,3.2,3.5*29
$QZGSA,A,3,,,,,,,,,,,,,4.7,3.2,3.5*2A
$IMGSA,A,3,,,,,,,,,,,,,4.7,3.2,3.5*25
$GPRMC,203759.32,A,4204.335545,N,01217.503063,E,002.2,,050219,,,A*71
$GPGGA,203800.32,,,,,0,00,999.9,,M,,M,,*6E
$GPGSV,3,1,09,26,49,309,20,29,43,060,24,25,26,129,20,05,14,046,18*7F
$GPGSV,3,2,09,21,75,176,,31,43,234,,16,22,309,,20,12,163,*78
$GPGSV,3,3,09,27,02,266,*45
$GLGSV,2,1,07,87,69,308,18,86,31,040,20,77,73,254,,88,31,250,*6B
$GLGSV,2,2,07,76,26,167,,71,10,072,,70,08,025,*5D
$GPGSA,A,1,,,,,,,,,,,,,140.0,99.0,99.0*35
$GNGSA,A,1,,,,,,,,,,,,,140.0,99.0,99.0*2B
$GNGSA,A,1,,,,,,,,,,,,,140.0,99.0,99.0*2B
$QZGSA,A,1,,,,,,,,,,,,,140.0,99.0,99.0*29
$IMGSA,A,1,,,,,,,,,,,,,140.0,99.0,99.0*26
$GPRMC,203800.32,V,,,,,,,050219,,,N*7A
$GPGGA,203801.32,,,,,0,00,999.9,,M,,M,,*6F
$GPGSV,3,1,09,26,49,309,20,29,43,060,23,25,26,129,20,05,14,046,18*78
$GPGSV,3,2,09,21,75,176,,31,43,234,,16,22,309,,20,12,163,*78
$GPGSV,3,3,09,27,02,267,*44
$GLGSV,2,1,07,87,69,308,18,86,31,040,19,77,73,254,,88,31,250,*61
$GLGSV,2,2,07,76,26,167,,71,10,072,,70,08,025,*5D
$GPGSA,A,1,,,,,,,,,,,,,140.0,99.0,99.0*35
$GNGSA,A,1,,,,,,,,,,,,,140.0,99.0,99.0*2B
$GNGSA,A,1,,,,,,,,,,,,,140.0,99.0,99.0*2B
$QZGSA,A,1,,,,,,,,,,,,,140.0,99.0,99.0*29
$IMGSA,A,1,,,,,,,,,,,,,140.0,99.0,99.0*26
$GPRMC,203801.32,V,,,,,,,050219,,,N*7B
$GPGGA,203802.34,4204.334663,N,01217.500881,E,1,06,12.8,185.3,M,45.4,M,,*53
$GPGSV,3,1,09,26,49,309,22,29,43,060,23,25,26,129,20,05,14,046,18*7A
$GPGSV,3,2,09,21,75,176,,31,43,234,,16,22,309,,20,12,163,*78
$GPGSV,3,3,09,27,02,267,*44
$GLGSV,2,1,07,87,69,308,18,86,31,040,19,77,73,254,,88,31,250,*61
$GLGSV,2,2,07,76,26,167,,71,10,072,,70,08,025,*5D
$GPGSA,A,3,05,25,26,29,,,,,,,,,4.7,3.2,3.5*3B
$GNGSA,A,3,05,25,26,29,,,,,,,,,4.7,3.2,3.5*25
$GNGSA,A,3,86,87,,,,,,,,,,,4.7,3.2,3.5*29
$QZGSA,A,3,,,,,,,,,,,,,4.7,3.2,3.5*2A
$IMGSA,A,3,,,,,,,,,,,,,4.7,3.2,3.5*25
$GPRMC,203802.34,A,4204.334663,N,01217.500881,E,002.9,,050219,,,A*7C
$GPGGA,203803.34,,,,,0,00,999.9,,M,,M,,*6B
$GPGSV,3,1,09,26,49,309,22,29,43,060,22,25,26,129,19,05,14,046,17*7E
$GPGSV,3,2,09,21,75,176,,31,43,234,,16,22,309,,20,12,163,*78
$GPGSV,3,3,09,27,03,267,*45
$GLGSV,2,1,07,87,69,308,18,86,31,040,19,77,73,254,,88,31,250,*61
$GLGSV,2,2,07,76,26,167,,71,10,072,,70,08,025,*5D
$GPGSA,A,1,,,,,,,,,,,,,140.0,99.0,99.0*35
$GNGSA,A,1,,,,,,,,,,,,,140.0,99.0,99.0*2B
$GNGSA,A,1,,,,,,,,,,,,,140.0,99.0,99.0*2B
$QZGSA,A,1,,,,,,,,,,,,,140.0,99.0,99.0*29
$IMGSA,A,1,,,,,,,,,,,,,140.0,99.0,99.0*26
$GPRMC,203803.34,V,,,,,,,050219,,,N*7F
$GPGGA,203804.33,4204.333762,N,01217.499109,E,1,06,19.2,185.0,M,45.4,M,,*5F
$GPGSV,3,1,09,26,49,309,21,29,43,060,22,25,26,129,21,05,14,046,19*78
$GPGSV,3,2,09,21,75,176,,31,43,234,,16,22,309,,20,12,163,*78
$GPGSV,3,3,09,27,03,267,*45
$GLGSV,2,1,07,87,69,308,17,86,31,040,19,77,73,254,,88,31,250,*6E
$GLGSV,2,2,07,76,26,167,,71,10,072,,70,08,025,*5D
$GPGSA,A,3,05,25,26,29,,,,,,,,,4.7,3.2,3.5*3B
$GNGSA,A,3,05,25,26,29,,,,,,,,,4.7,3.2,3.5*25
$GNGSA,A,3,86,87,,,,,,,,,,,4.7,3.2,3.5*29
$QZGSA,A,3,,,,,,,,,,,,,4.7,3.2,3.5*2A
$IMGSA,A,3,,,,,,,,,,,,,4.7,3.2,3.5*25
$GPRMC,203804.33,A,4204.333762,N,01217.499109,E,003.1,,050219,,,A*7B
$GPGGA,203805.33,4204.333520,N,01217.498225,E,1,05,20.0,184.6,M,45.4,M,,*5A
$GPGSV,3,1,09,26,49,309,21,29,43,060,21,25,26,129,20,05,14,046,18*7B
$GPGSV,3,2,09,21,75,176,,31,43,234,,16,22,309,,20,12,163,*78
$GPGSV,3,3,09,27,03,267,*45
$GLGSV,2,1,07,87,69,308,17,86,31,040,19,77,73,254,,88,31,250,*6E
$GLGSV,2,2,07,76,26,167,,71,10,072,,70,08,025,*5D
$GPGSA,A,3,05,25,26,29,,,,,,,,,4.9,3.3,3.7*36
$GNGSA,A,3,05,25,26,29,,,,,,,,,4.9,3.3,3.7*28
$GNGSA,A,3,86,,,,,,,,,,,,4.9,3.3,3.7*2B
$QZGSA,A,3,,,,,,,,,,,,,4.9,3.3,3.7*27
$IMGSA,A,3,,,,,,,,,,,,,4.9,3.3,3.7*28
$GPRMC,203805.33,A,4204.333520,N,01217.498225,E,001.8,,050219,,,A*79
$GPGGA,203806.35,4204.333372,N,01217.497682,E,1,05,20.0,184.6,M,45.4,M,,*58
$GPGSV,3,1,09,26,49,309,20,29,43,060,21,25,26,129,20,05,14,046,18*7A
$GPGSV,3,2,09,21,75,176,,31,43,234,,16,22,309,,20,12,163,*78
$GPGSV,3,3,09,27,03,267,*45
$GLGSV,2,1,07,87,69,308,17,86,31,040,19,77,73,254,,88,31,250,*6E
$GLGSV,2,2,07,76,26,167,,71,10,072,,70,08,025,*5D
$GPGSA,A,3,05,25,26,29,,,,,,,,,4.9,3.3,3.7*36
$GNGSA,A,3,05,25,26,29,,,,,,,,,4.9,3.3,3.7*28
$GNGSA,A,3,86,,,,,,,,,,,,4.9,3.3,3.7*2B
$QZGSA,A,3,,,,,,,,,,,,,4.9,3.3,3.7*27
$IMGSA,A,3,,,,,,,,,,,,,4.9,3.3,3.7*28
$GPRMC,203806.35,A,4204.333372,N,01217.497682,E,002.1,,050219,,,A*71
$GPGGA,203807.35,,,,,0,00,999.9,,M,,M,,*6E
$GPGSV,3,1,09,26,49,309,20,29,43,060,21,25,26,129,19,05,14,046,18*70
$GPGSV,3,2,09,21,75,176,,31,43,234,,16,22,309,,20,12,163,*78
$GPGSV,3,3,09,27,03,267,*45
$GLGSV,2,1,07,87,69,308,17,86,31,040,18,77,73,254,,88,31,250,*6F
$GLGSV,2,2,07,76,26,167,,71,10,072,,70,08,025,*5D
$GPGSA,A,1,,,,,,,,,,,,,140.0,99.0,99.0*35
$GNGSA,A,1,,,,,,,,,,,,,140.0,99.0,99.0*2B
$GNGSA,A,1,,,,,,,,,,,,,140.0,99.0,99.0*2B
$QZGSA,A,1,,,,,,,,,,,,,140.0,99.0,99.0*29
$IMGSA,A,1,,,,,,,,,,,,,140.0,99.0,99.0*26
$GPRMC,203807.35,V,,,,,,,050219,,,N*7A
$GPGGA,203808.35,,,,,0,00,999.9,,M,,M,,*61
$GPGSV,3,1,09,26,49,309,20,29,43,060,21,25,26,129,19,05,14,046,18*70
$GPGSV,3,2,09,21,75,176,,31,43,234,,16,22,309,,20,12,163,*78
$GPGSV,3,3,09,27,03,267,*45
$GLGSV,2,1,07,87,69,308,17,86,31,040,18,77,73,254,,88,31,250,*6F
$GLGSV,2,2,07,76,26,167,,71,10,072,,70,08,025,*5D
$GPGSA,A,1,,,,,,,,,,,,,140.0,99.0,99.0*35
$GNGSA,A,1,,,,,,,,,,,,,140.0,99.0,99.0*2B
$GNGSA,A,1,,,,,,,,,,,,,140.0,99.0,99.0*2B
$QZGSA,A,1,,,,,,,,,,,,,140.0,99.0,99.0*29
$IMGSA,A,1,,,,,,,,,,,,,140.0,99.0,99.0*26
$GPRMC,203808.35,V,,,,,,,050219,,,N*75
$GPGGA,203809.37,,,,,0,05,25.0,184.5,M,45.4,M,,*6D
$GPGSV,3,1,09,26,49,309,19,29,43,060,20,25,26,129,21,05,14,046,17*7F
$GPGSV,3,2,09,21,75,176,,31,43,234,,16,22,309,,20,12,163,*78
$GPGSV,3,3,09,27,03,267,*45
$GLGSV,2,1,07,87,69,308,17,86,31,040,18,77,73,254,,88,31,250,*6F
$GLGSV,2,2,07,76,26,167,,71,10,072,,70,08,025,*5D
$GPGSA,A,1,,,,,,,,,,,,,5.5,3.5,4.2*30
$GNGSA,A,1,,,,,,,,,,,,,5.5,3.5,4.2*2E
$GNGSA,A,1,,,,,,,,,,,,,5.5,3.5,4.2*2E
$QZGSA,A,1,,,,,,,,,,,,,5.5,3.5,4.2*2C
$IMGSA,A,1,,,,,,,,,,,,,5.5,3.5,4.2*23
$GPRMC,203809.37,V,,,,,,,050219,,,N*76
$GPGGA,203810.37,,,,,0,00,999.9,,M,,M,,*6A
$GPGSV,3,1,09,26,49,309,18,29,43,060,20,25,26,129,24,05,14,046,17*7B
$GPGSV,3,2,09,20,12,163,13,21,75,176,,31,43,234,,16,22,309,*7A
$GPGSV,3,3,09,27,03,267,*45
$GLGSV,2,1,07,87,69,309,18,86,31,040,18,77,73,254,,88,31,250,*61
$GLGSV,2,2,07,76,26,167,,71,10,072,,70,08,025,*5D
$GPGSA,A,1,,,,,,,,,,,,,140.0,99.0,99.0*35
$GNGSA,A,1,,,,,,,,,,,,,140.0,99.0,99.0*2B
$GNGSA,A,1,,,,,,,,,,,,,140.0,99.0,99.0*2B
$QZGSA,A,1,,,,,,,,,,,,,140.0,99.0,99.0*29
$IMGSA,A,1,,,,,,,,,,,,,140.0,99.0,99.0*26
$GPRMC,203810.37,V,,,,,,,050219,,,N*7E
$GPGGA,203811.33,,,,,0,05,25.0,184.3,M,45.4,M,,*66
$GPGSV,3,1,09,26,49,309,18,29,43,060,21,31,43,234,11,25,26,129,24*7E
$GPGSV,3,2,09,05,14,046,17,20,12,163,15,21,75,176,,16,22,309,*78
$GPGSV,3,3,09,27,03,267,*45
$GLGSV,2,1,07,87,69,309,18,86,31,040,18,77,73,254,,88,31,250,*61
$GLGSV,2,2,07,76,26,167,,71,10,072,,70,08,025,*5D
$GPGSA,A,1,,,,,,,,,,,,,5.5,3.5,4.2*30
$GNGSA,A,1,,,,,,,,,,,,,5.5,3.5,4.2*2E
$GNGSA,A,1,,,,,,,,,,,,,5.5,3.5,4.2*2E
$QZGSA,A,1,,,,,,,,,,,,,5.5,3.5,4.2*2C
$IMGSA,A,1,,,,,,,,,,,,,5.5,3.5,4.2*23
$GPRMC,203811.33,V,,,,,,,050219,,,N*7B
$GPGGA,203812.30,,,,,0,05,25.0,184.5,M,45.4,M,,*60
$GPGSV,3,1,09,26,49,309,17,29,43,060,21,31,43,234,14,25,26,129,23*73
$GPGSV,3,2,09,05,14,046,17,20,12,163,17,21,75,176,,16,22,309,*7A
$GPGSV,3,3,09,27,03,267,*45
$GLGSV,2,1,07,87,69,309,17,86,31,040,18,77,73,254,,88,31,250,*6E
$GLGSV,2,2,07,76,26,167,,71,10,072,,70,08,025,*5D
$GPGSA,A,1,,,,,,,,,,,,,5.7,2.9,4.9*34
$GNGSA,A,1,,,,,,,,,,,,,5.7,2.9,4.9*2A
$GNGSA,A,1,,,,,,,,,,,,,5.7,2.9,4.9*2A
$QZGSA,A,1,,,,,,,,,,,,,5.7,2.9,4.9*28
$IMGSA,A,1,,,,,,,,,,,,,5.7,2.9,4.9*27
$GPRMC,203812.30,V,,,,,,,050219,,,N*7B
$GPGGA,203813.30,,,,,0,00,999.9,,M,,M,,*6E
$GPGSV,3,1,09,21,75,176,11,26,49,309,17,31,43,234,15,29,43,060,21*7B
$GPGSV,3,2,09,25,26,129,23,05,14,046,17,20,12,163,17,16,22,309,*73
$GPGSV,3,3,09,27,03,267,*45
$GLGSV,2,1,07,87,69,309,17,86,31,040,18,77,73,254,,88,31,250,*6E
$GLGSV,2,2,07,76,26,167,,71,10,072,,70,08,025,*5D
$GPGSA,A,1,,,,,,,,,,,,,140.0,99.0,99.0*35
$GNGSA,A,1,,,,,,,,,,,,,140.0,99.0,99.0*2B
$GNGSA,A,1,,,,,,,,,,,,,140.0,99.0,99.0*2B
$QZGSA,A,1,,,,,,,,,,,,,140.0,99.0,99.0*29
$IMGSA,A,1,,,,,,,,,,,,,140.0,99.0,99.0*26
$GPRMC,203813.30,V,,,,,,,050219,,,N*7A
$GPGGA,203814.30,,,,,0,00,999.9,,M,,M,,*69
$GPGSV,3,1,09,21,75,176,13,26,49,309,17,31,43,234,15,29,43,060,21*79
$GPGSV,3,2,09,25,26,129,23,05,14,046,17,20,12,163,17,16,22,309,*73
$GPGSV,3,3,09,27,03,267,*45
$GLGSV,2,1,07,87,69,309,17,86,31,040,17,77,73,254,,88,31,250,*61
$GLGSV,2,2,07,76,26,167,,71,10,072,,70,08,025,*5D
$GPGSA,A,1,,,,,,,,,,,,,140.0,99.0,99.0*35
$GNGSA,A,1,,,,,,,,,,,,,140.0,99.0,99.0*2B
$GNGSA,A,1,,,,,,,,,,,,,140.0,99.0,99.0*2B
$QZGSA,A,1,,,,,,,,,,,,,140.0,99.0,99.0*29
$IMGSA,A,1,,,,,,,,,,,,,140.0,99.0,99.0*26
$GPRMC,203814.30,V,,,,,,,050219,,,N*7D
$GPGGA,203815.30,,,,,0,00,999.9,,M,,M,,*68
$GPGSV,3,1,09,21,75,176,13,26,49,309,16,31,43,234,15,29,43,060,21*78
$GPGSV,3,2,09,25,26,129,22,05,14,046,16,20,12,163,17,16,22,309,*73
$GPGSV,3,3,09,27,03,267,*45
$GLGSV,2,1,07,87,69,309,17,86,31,040,17,77,73,254,,88,31,250,*61
$GLGSV,2,2,07,76,26,167,,71,10,072,,70,08,025,*5D
$GPGSA,A,1,,,,,,,,,,,,,140.0,99.0,99.0*35
$GNGSA,A,1,,,,,,,,,,,,,140.0,99.0,99.0*2B
$GNGSA,A,1,,,,,,,,,,,,,140.0,99.0,99.0*2B
$QZGSA,A,1,,,,,,,,,,,,,140.0,99.0,99.0*29
$IMGSA,A,1,,,,,,,,,,,,,140.0,99.0,99.0*26
$GPRMC,203815.30,V,,,,,,,050219,,,N*7C
$GPGGA,203816.30,,,,,0,00,999.9,,M,,M,,*6B
$GPGSV,3,1,09,21,75,176,14,26,49,309,16,31,43,234,15,29,43,060,21*7F
$GPGSV,3,2,09,25,26,129,21,05,14,046,16,20,12,163,17,16,22,309,*70
$GPGSV,3,3,09,27,03,267,*45
$GLGSV,2,1,07,87,69,309,16,86,31,040,16,77,73,254,,88,31,250,*61
$GLGSV,2,2,07,76,26,167,,71,10,072,,70,08,025,*5D
$GPGSA,A,1,,,,,,,,,,,,,140.0,99.0,99.0*35
$GNGSA,A,1,,,,,,,,,,,,,140.0,99.0,99.0*2B
$GNGSA,A,1,,,,,,,,,,,,,140.0,99.0,99.0*2B
$QZGSA,A,1,,,,,,,,,,,,,140.0,99.0,99.0*29
$IMGSA,A,1,,,,,,,,,,,,,140.0,99.0,99.0*26
$GPRMC,203816.30,V,,,,,,,050219,,,N*7F
$GPGGA,203817.30,,,,,0,00,999.9,,M,,M,,*6A
$GPGSV,3,1,09,21,75,176,14,26,49,309,16,31,43,234,15,29,43,060,21*7F
$GPGSV,3,2,09,25,26,129,21,05,14,046,15,20,12,163,17,16,22,309,*73
$GPGSV,3,3,09,27,03,267,*45
$GLGSV,2,1,07,87,69,309,16,86,31,041,,77,73,254,,88,31,250,*67
$GLGSV,2,2,07,76,26,167,,71,10,072,,70,08,025,*5D
$GPGSA,A,1,,,,,,,,,,,,,140.0,99.0,99.0*35
$GNGSA,A,1,,,,,,,,,,,,,140.0,99.0,99.0*2B
$GNGSA,A,1,,,,,,,,,,,,,140.0,99.0,99.0*2B
$QZGSA,A,1,,,,,,,,,,,,,140.0,99.0,99.0*29
$IMGSA,A,1,,,,,,,,,,,,,140.0,99.0,99.0*26
$GPRMC,203817.30,V,,,,,,,050219,,,N*7E
$GPGGA,203818.30,,,,,0,00,999.9,,M,,M,,*65
$GPGSV,3,1,09,21,75,175,14,26,49,309,15,31,43,234,15,29,43,060,21*7F
$GPGSV,3,2,09,25,26,129,20,05,14,046,,20,12,163,17,16,22,309,*76
$GPGSV,3,3,09,27,03,267,*45
$GLGSV,2,1,07,87,69,309,16,86,31,041,14,77,73,254,,88,31,250,*62
$GLGSV,2,2,07,76,26,167,,71,11,072,,70,08,025,*5C
$GPGSA,A,1,,,,,,,,,,,,,140.0,99.0,99.0*35
$GNGSA,A,1,,,,,,,,,,,,,140.0,99.0,99.0*2B
$GNGSA,A,1,,,,,,,,,,,,,140.0,99.0,99.0*2B
$QZGSA,A,1,,,,,,,,,,,,,140.0,99.0,99.0*29
$IMGSA,A,1,,,,,,,,,,,,,140.0,99.0,99.0*26
$GPRMC,203818.30,V,,,,,,,050219,,,N*71
$GPGGA,203819.30,,,,,0,00,999.9,,M,,M,,*64
$GPGSV,3,1,09,21,75,175,14,26,49,309,15,31,43,234,15,29,43,060,21*7F
$GPGSV,3,2,09,25,26,129,20,05,14,046,,20,12,163,16,16,22,309,*77
$GPGSV,3,3,09,27,03,267,*45
$GLGSV,2,1,07,87,69,309,16,86,31,041,14,77,73,254,,88,31,250,*62
$GLGSV,2,2,07,76,26,167,,71,11,072,,70,08,025,*5C
$GPGSA,A,1,,,,,,,,,,,,,140.0,99.0,99.0*35
$GNGSA,A,1,,,,,,,,,,,,,140.0,99.0,99.0*2B
$GNGSA,A,1,,,,,,,,,,,,,140.0,99.0,99.0*2B
$QZGSA,A,1,,,,,,,,,,,,,140.0,99.0,99.0*29
$IMGSA,A,1,,,,,,,,,,,,,140.0,99.0,99.0*26
$GPRMC,203819.30,V,,,,,,,050219,,,N*70
$GPGGA,203820.30,,,,,0,00,999.9,,M,,M,,*6E
$GPGSV,3,1,09,21,75,175,14,26,49,309,15,31,43,233,14,29,43,060,21*79
$GPGSV,3,2,09,25,26,129,19,05,14,046,,20,12,163,17,16,22,309,*7C
$GPGSV,3,3,09,27,03,267,*45
$GLGSV,2,1,07,87,69,309,15,86,31,041,14,77,73,254,,88,31,250,*61
$GLGSV,2,2,07,76,26,167,,71,11,072,,70,08,025,*5C
$GPGSA,A,1,,,,,,,,,,,,,140.0,99.0,99.0*35
$GNGSA,A,1,,,,,,,,,,,,,140.0,99.0,99.0*2B
$GNGSA,A,1,,,,,,,,,,,,,140.0,99.0,99.0*2B
$QZGSA,A,1,,,,,,,,,,,,,140.0,99.0,99.0*29
$IMGSA,A,1,,,,,,,,,,,,,140.0,99.0,99.0*26
$GPRMC,203820.30,V,,,,,,,050219,,,N*7A
$GPGGA,203825.30,,,,,0,00,999.9,,M,,M,,*6B
$GPGSV,3,1,09,21,75,175,14,26,49,309,14,31,43,233,16,29,43,060,19*71
$GPGSV,3,2,09,25,26,129,18,20,12,163,18,16,22,309,,05,14,046,*72
$GPGSV,3,3,09,27,03,267,*45
$GLGSV,2,1,07,86,31,041,,77,73,254,,87,69,309,,88,31,250,*60
$GLGSV,2,2,07,76,26,167,,71,11,072,,70,08,025,*5C
$GPGSA,A,1,,,,,,,,,,,,,140.0,99.0,99.0*35
$GNGSA,A,1,,,,,,,,,,,,,140.0,99.0,99.0*2B
$GNGSA,A,1,,,,,,,,,,,,,140.0,99.0,99.0*2B
$QZGSA,A,1,,,,,,,,,,,,,140.0,99.0,99.0*29
$IMGSA,A,1,,,,,,,,,,,,,140.0,99.0,99.0*26
$GPRMC,203825.30,V,,,,,,,050219,,,N*7F
$GPGGA,203826.30,,,,,0,00,999.9,,M,,M,,*68
$GPGSV,3,1,09,21,75,175,13,26,49,309,,31,43,233,16,29,43,060,19*73
$GPGSV,3,2,09,25,26,129,18,20,12,163,19,16,22,309,,05,14,046,*73
$GPGSV,3,3,09,27,03,267,*45
$GLGSV,2,1,07,86,31,041,,77,73,254,,87,69,309,,88,31,250,*60
$GLGSV,2,2,07,76,26,167,,71,11,072,,70,08,025,*5C
$GPGSA,A,1,,,,,,,,,,,,,140.0,99.0,99.0*35
$GNGSA,A,1,,,,,,,,,,,,,140.0,99.0,99.0*2B
$GNGSA,A,1,,,,,,,,,,,,,140.0,99.0,99.0*2B
$QZGSA,A,1,,,,,,,,,,,,,140.0,99.0,99.0*29
$IMGSA,A,1,,,,,,,,,,,,,140.0,99.0,99.0*26
$GPRMC,203826.30,V,,,,,,,050219,,,N*7C
$GPGGA,203827.30,,,,,0,00,999.9,,M,,M,,*69
$GPGSV,3,1,09,21,75,175,13,26,49,309,,31,43,233,18,29,43,060,19*7D
$GPGSV,3,2,09,25,26,129,18,20,12,163,19,16,22,309,,05,14,046,*73
$GPGSV,3,3,09,27,03,267,*45
$GLGSV,2,1,07,77,73,254,,87,69,309,,86,31,041,,88,31,250,*60
$GLGSV,2,2,07,76,26,167,,71,11,072,,70,08,025,*5C
$GPGSA,A,1,,,,,,,,,,,,,140.0,99.0,99.0*35
$GNGSA,A,1,,,,,,,,,,,,,140.0,99.0,99.0*2B
$GNGSA,A,1,,,,,,,,,,,,,140.0,99.0,99.0*2B
$QZGSA,A,1,,,,,,,,,,,,,140.0,99.0,99.0*29
$IMGSA,A,1,,,,,,,,,,,,,140.0,99.0,99.0*26
$GPRMC,203827.30,V,,,,,,,050219,,,N*7D
