$GPGGA,204254.93,,,,,0,00,999.9,,M,,M,,*69
$GPGSV,3,1,09,21,77,172,,26,51,308,,31,41,231,,29,41,062,*73
$GPGSV,3,2,09,25,24,130,,16,24,310,,20,14,163,,05,13,044,*75
$GPGSV,3,3,09,27,04,268,*4D
$GLGSV,2,1,08,77,72,245,,87,69,316,,88,32,253,,86,29,042,*6A
$GLGSV,2,2,08,76,23,168,,71,12,070,,70,07,023,,72,01,115,*60
$QZGSV,1,1,01,01,00,042,*53
$GPGSA,A,1,,,,,,,,,,,,,140.0,99.0,99.0*35
$GNGSA,A,1,,,,,,,,,,,,,140.0,99.0,99.0*2B
$GNGSA,A,1,,,,,,,,,,,,,140.0,99.0,99.0*2B
$QZGSA,A,1,,,,,,,,,,,,,140.0,99.0,99.0*29
$IMGSA,A,1,,,,,,,,,,,,,140.0,99.0,99.0*26
$GPRMC,204254.93,V,,,,,,,050219,,,N*7D
$GPGGA,204255.93,,,,,0,00,999.9,,M,,M,,*68
$GPGSV,3,1,09,21,77,172,,26,51,308,,31,41,231,,29,41,062,*73
$GPGSV,3,2,09,25,24,130,,16,24,310,,20,14,163,,05,13,044,*75
$GPGSV,3,3,09,27,04,268,*4D
$GLGSV,2,1,08,77,72,245,,87,69,316,,88,32,253,,86,29,042,*6A
$GLGSV,2,2,08,76,23,168,,71,12,070,,70,07,023,,72,01,115,*60
$QZGSV,1,1,01,01,00,042,*53
$GPGSA,A,1,,,,,,,,,,,,,140.0,99.0,99.0*35
$GNGSA,A,1,,,,,,,,,,,,,140.0,99.0,99.0*2B
$GNGSA,A,1,,,,,,,,,,,,,140.0,99.0,99.0*2B
$QZGSA,A,1,,,,,,,,,,,,,140.0,99.0,99.0*29
$IMGSA,A,1,,,,,,,,,,,,,140.0,99.0,99.0*26
$GPRMC,204255.93,V,,,,,,,050219,,,N*7C
$GPGGA,204256.93,,,,,0,00,999.9,,M,,M,,*6B
$GPGSV,3,1,09,21,77,172,,26,51,308,,31,41,231,,29,41,062,*73
$GPGSV,3,2,09,25,24,130,,16,24,310,,20,14,163,,05,13,044,*75
$GPGSV,3,3,09,27,04,268,*4D
$GLGSV,2,1,08,77,72,245,,87,69,316,,88,32,253,,86,29,042,*6A
$GLGSV,2,2,08,76,23,168,,71,12,070,,70,07,023,,72,01,115,*60
$QZGSV,1,1,01,01,00,042,*53
$GPGSA,A,1,,,,,,,,,,,,,140.0,99.0,99.0*35
$GNGSA,A,1,,,,,,,,,,,,,140.0,99.0,99.0*2B
$GNGSA,A,1,,,,,,,,,,,,,140.0,99.0,99.0*2B
$QZGSA,A,1,,,,,,,,,,,,,140.0,99.0,99.0*29
$IMGSA,A,1,,,,,,,,,,,,,140.0,99.0,99.0*26
$GPRMC,204256.93,V,,,,,,,050219,,,N*7F
$GPGGA,204257.93,,,,,0,00,999.9,,M,,M,,*6A
$GPGSV,3,1,09,21,77,172,,26,51,308,,31,41,231,,29,41,062,*73
$GPGSV,3,2,09,25,24,130,,16,24,310,,20,14,163,,05,13,044,*75
$GPGSV,3,3,09,27,04,268,*4D
$GLGSV,2,1,08,77,72,245,,87,69,316,,88,33,253,,86,29,042,*6B
$GLGSV,2,2,08,76,23,168,,71,12,070,,70,07,023,,72,01,115,*60
$QZGSV,1,1,01,01,00,042,*53
$GPGSA,A,1,,,,,,,,,,,,,140.0,99.0,99.0*35
$GNGSA,A,1,,,,,,,,,,,,,140.0,99.0,99.0*2B
$GNGSA,A,1,,,,,,,,,,,,,140.0,99.0,99.0*2B
$QZGSA,A,1,,,,,,,,,,,,,140.0,99.0,99.0*29
$IMGSA,A,1,,,,,,,,,,,,,140.0,99.0,99.0*26
$GPRMC,204257.93,V,,,,,,,050219,,,N*7E
$GPGGA,204258.93,,,,,0,00,999.9,,M,,M,,*65
$GPGSV,3,1,09,21,77,172,,26,51,308,,31,41,231,,29,41,062,*73
$GPGSV,3,2,09,25,24,130,,16,24,310,,20,14,163,,05,13,044,*75
$GPGSV,3,3,09,27,04,268,*4D
$GLGSV,2,1,08,77,72,245,,87,69,316,,88,33,253,,86,29,042,*6B
$GLGSV,2,2,08,76,23,168,,71,12,070,,70,07,023,,72,01,115,*60
$QZGSV,1,1,01,01,00,042,*53
$GPGSA,A,1,,,,,,,,,,,,,140.0,99.0,99.0*35
$GNGSA,A,1,,,,,,,,,,,,,140.0,99.0,99.0*2B
$GNGSA,A,1,,,,,,,,,,,,,140.0,99.0,99.0*2B
$QZGSA,A,1,,,,,,,,,,,,,140.0,99.0,99.0*29
$IMGSA,A,1,,,,,,,,,,,,,140.0,99.0,99.0*26
$GPRMC,204258.93,V,,,,,,,050219,,,N*71
$GPGGA,204259.93,,,,,0,00,999.9,,M,,M,,*64
$GPGSV,3,1,09,29,41,062,16,21,77,172,,26,51,308,,31,41,231,*74
$GPGSV,3,2,09,25,24,130,,16,24,310,,20,14,163,,05,13,044,*75
$GPGSV,3,3,09,27,04,268,*4D
$GLGSV,2,1,08,77,72,245,,87,69,316,,88,33,253,,86,29,042,*6B
$GLGSV,2,2,08,76,23,168,,71,12,070,,70,07,023,,72,01,115,*60
$QZGSV,1,1,01,01,00,042,*53
$GPGSA,A,1,,,,,,,,,,,,,140.0,99.0,99.0*35
$GNGSA,A,1,,,,,,,,,,,,,140.0,99.0,99.0*2B
$GNGSA,A,1,,,,,,,,,,,,,140.0,99.0,99.0*2B
$QZGSA,A,1,,,,,,,,,,,,,140.0,99.0,99.0*29
$IMGSA,A,1,,,,,,,,,,,,,140.0,99.0,99.0*26
$GPRMC,204259.93,V,,,,,,,050219,,,N*70
$GPGGA,204300.93,,,,,0,00,999.9,,M,,M,,*69
$GPGSV,3,1,09,29,41,062,18,21,77,172,,26,51,308,,31,41,231,*7A
$GPGSV,3,2,09,25,24,131,,16,24,310,,20,14,163,,05,13,044,*74
$GPGSV,3,3,09,27,04,268,*4D
$GLGSV,2,1,08,77,72,245,,87,69,316,,88,33,253,,86,29,042,*6B
$GLGSV,2,2,08,76,23,168,,71,12,070,,70,07,023,,72,01,115,*60
$QZGSV,1,1,01,01,00,042,*53
$GPGSA,A,1,,,,,,,,,,,,,140.0,99.0,99.0*35
$GNGSA,A,1,,,,,,,,,,,,,140.0,99.0,99.0*2B
$GNGSA,A,1,,,,,,,,,,,,,140.0,99.0,99.0*2B
$QZGSA,A,1,,,,,,,,,,,,,140.0,99.0,99.0*29
$IMGSA,A,1,,,,,,,,,,,,,140.0,99.0,99.0*26
$GPRMC,204300.93,V,,,,,,,050219,,,N*7D
$GPGGA,204301.93,,,,,0,00,999.9,,M,,M,,*68
$GPGSV,3,1,09,29,41,062,19,21,77,172,,26,51,308,,31,41,231,*7B
$GPGSV,3,2,09,25,24,131,,16,24,310,,20,14,163,,05,13,044,*74
$GPGSV,3,3,09,27,04,268,*4D
$GLGSV,2,1,08,77,72,245,,87,69,316,,88,33,253,,86,29,042,*6B
$GLGSV,2,2,08,76,23,168,,71,12,070,,70,07,023,,72,01,115,*60
$QZGSV,1,1,01,01,00,042,*53
$GPGSA,A,1,,,,,,,,,,,,,140.0,99.0,99.0*35
$GNGSA,A,1,,,,,,,,,,,,,140.0,99.0,99.0*2B
$GNGSA,A,1,,,,,,,,,,,,,140.0,99.0,99.0*2B
$QZGSA,A,1,,,,,,,,,,,,,140.0,99.0,99.0*29
$IMGSA,A,1,,,,,,,,,,,,,140.0,99.0,99.0*26
$GPRMC,204301.93,V,,,,,,,050219,,,N*7C
$GPGGA,204302.93,,,,,0,00,999.9,,M,,M,,*6B
$GPGSV,3,1,09,29,41,062,22,21,77,172,,26,51,308,,31,41,231,*73
$GPGSV,3,2,09,25,24,131,,16,24,310,,20,14,163,,05,13,044,*74
$GPGSV,3,3,09,27,04,268,*4D
$GLGSV,2,1,08,77,72,245,,87,69,316,,88,33,253,,86,29,042,*6B
$GLGSV,2,2,08,76,23,168,,71,12,070,,70,07,023,,72,01,115,*60
$QZGSV,1,1,01,01,00,042,*53
$GPGSA,A,1,,,,,,,,,,,,,140.0,99.0,99.0*35
$GNGSA,A,1,,,,,,,,,,,,,140.0,99.0,99.0*2B
$GNGSA,A,1,,,,,,,,,,,,,140.0,99.0,99.0*2B
$QZGSA,A,1,,,,,,,,,,,,,140.0,99.0,99.0*29
$IMGSA,A,1,,,,,,,,,,,,,140.0,99.0,99.0*26
$GPRMC,204302.93,V,,,,,,,050219,,,N*7F
$GPGGA,204303.93,,,,,0,00,999.9,,M,,M,,*6A
$GPGSV,3,1,09,29,41,062,23,21,77,172,,26,51,308,,31,41,231,*72
$GPGSV,3,2,09,25,24,131,,16,24,310,,20,14,163,,05,13,044,*74
$GPGSV,3,3,09,27,04,268,*4D
$GLGSV,2,1,08,77,72,245,,87,69,316,,88,33,253,,86,29,042,*6B
$GLGSV,2,2,08,76,23,168,,71,12,070,,70,07,023,,72,01,115,*60
$QZGSV,1,1,01,01,00,042,*53
$GPGSA,A,1,,,,,,,,,,,,,140.0,99.0,99.0*35
$GNGSA,A,1,,,,,,,,,,,,,140.0,99.0,99.0*2B
$GNGSA,A,1,,,,,,,,,,,,,140.0,99.0,99.0*2B
$QZGSA,A,1,,,,,,,,,,,,,140.0,99.0,99.0*29
$IMGSA,A,1,,,,,,,,,,,,,140.0,99.0,99.0*26
$GPRMC,204303.93,V,,,,,,,050219,,,N*7E
$GPGGA,204304.93,,,,,0,00,999.9,,M,,M,,*6D
$GPGSV,3,1,09,29,41,062,24,21,77,172,,26,51,308,,31,41,231,*75
$GPGSV,3,2,09,25,24,131,,16,24,310,,20,14,163,,05,13,044,*74
$GPGSV,3,3,09,27,04,268,*4D
$GLGSV,2,1,08,77,72,245,,87,69,316,,88,33,253,,86,29,042,*6B
$GLGSV,2,2,08,76,23,168,,71,12,070,,70,07,023,,72,01,115,*60
$QZGSV,1,1,01,01,00,042,*53
$GPGSA,A,1,,,,,,,,,,,,,140.0,99.0,99.0*35
$GNGSA,A,1,,,,,,,,,,,,,140.0,99.0,99.0*2B
$GNGSA,A,1,,,,,,,,,,,,,140.0,99.0,99.0*2B
$QZGSA,A,1,,,,,,,,,,,,,140.0,99.0,99.0*29
$IMGSA,A,1,,,,,,,,,,,,,140.0,99.0,99.0*26
$GPRMC,204304.93,V,,,,,,,050219,,,N*79
$GPGGA,204305.93,,,,,0,00,999.9,,M,,M,,*6C
$GPGSV,3,1,09,26,51,308,16,29,41,062,24,25,24,131,15,21,77,171,*70
$GPGSV,3,2,09,31,41,231,,16,24,310,,20,14,163,,05,13,044,*71
$GPGSV,3,3,09,27,04,268,*4D
$GLGSV,2,1,08,77,72,245,,87,69,316,,88,33,253,,86,29,042,*6B
$GLGSV,2,2,08,76,23,168,,71,12,070,,70,07,023,,72,01,115,*60
$QZGSV,1,1,01,01,00,042,*53
$GPGSA,A,1,,,,,,,,,,,,,140.0,99.0,99.0*35
$GNGSA,A,1,,,,,,,,,,,,,140.0,99.0,99.0*2B
$GNGSA,A,1,,,,,,,,,,,,,140.0,99.0,99.0*2B
$QZGSA,A,1,,,,,,,,,,,,,140.0,99.0,99.0*29
$IMGSA,A,1,,,,,,,,,,,,,140.0,99.0,99.0*26
$GPRMC,204305.93,V,,,,,,,050219,,,N*78
$GPGGA,204306.93,,,,,0,00,999.9,,M,,M,,*6F
$GPGSV,3,1,09,26,51,308,17,29,41,062,24,25,24,131,17,21,77,171,*73
$GPGSV,3,2,09,31,41,231,,16,24,310,,20,14,163,,05,13,044,*71
$GPGSV,3,3,09,27,04,268,*4D
$GLGSV,2,1,08,77,72,245,,87,69,316,,88,33,253,,86,29,042,*6B
$GLGSV,2,2,08,76,23,168,,71,12,070,,70,07,023,,72,01,115,*60
$QZGSV,1,1,01,01,00,042,*53
$GPGSA,A,1,,,,,,,,,,,,,140.0,99.0,99.0*35
$GNGSA,A,1,,,,,,,,,,,,,140.0,99.0,99.0*2B
$GNGSA,A,1,,,,,,,,,,,,,140.0,99.0,99.0*2B
$QZGSA,A,1,,,,,,,,,,,,,140.0,99.0,99.0*29
$IMGSA,A,1,,,,,,,,,,,,,140.0,99.0,99.0*26
$GPRMC,204306.93,V,,,,,,,050219,,,N*7B
$GPGGA,204307.93,,,,,0,00,999.9,,M,,M,,*6E
$GPGSV,3,1,09,26,51,308,20,29,41,062,24,25,24,131,18,21,77,171,*78
$GPGSV,3,2,09,31,41,231,,16,24,310,,20,14,163,,05,13,044,*71
$GPGSV,3,3,09,27,04,268,*4D
$GLGSV,2,1,08,77,72,245,,87,69,316,,88,33,253,,86,29,042,*6B
$GLGSV,2,2,08,76,23,168,,71,12,070,,70,07,023,,72,01,115,*60
$QZGSV,1,1,01,01,00,042,*53
$GPGSA,A,1,,,,,,,,,,,,,140.0,99.0,99.0*35
$GNGSA,A,1,,,,,,,,,,,,,140.0,99.0,99.0*2B
$GNGSA,A,1,,,,,,,,,,,,,140.0,99.0,99.0*2B
$QZGSA,A,1,,,,,,,,,,,,,140.0,99.0,99.0*29
$IMGSA,A,1,,,,,,,,,,,,,140.0,99.0,99.0*26
$GPRMC,204307.93,V,,,,,,,050219,,,N*7A
$GPGGA,204308.93,,,,,0,00,999.9,,M,,M,,*61
$GPGSV,3,1,09,26,51,308,20,29,41,062,24,25,24,131,19,21,77,171,*79
$GPGSV,3,2,09,31,41,231,,16,24,310,,20,14,163,,05,13,044,*71
$GPGSV,3,3,09,27,04,268,*4D
$GLGSV,2,1,08,77,72,245,,87,69,317,,88,33,253,,86,29,042,*6A
$GLGSV,2,2,08,76,23,168,,71,12,070,,70,07,023,,72,01,115,*60
$QZGSV,1,1,01,01,00,042,*53
$GPGSA,A,1,,,,,,,,,,,,,140.0,99.0,99.0*35
$GNGSA,A,1,,,,,,,,,,,,,140.0,99.0,99.0*2B
$GNGSA,A,1,,,,,,,,,,,,,140.0,99.0,99.0*2B
$QZGSA,A,1,,,,,,,,,,,,,140.0,99.0,99.0*29
$IMGSA,A,1,,,,,,,,,,,,,140.0,99.0,99.0*26
$GPRMC,204308.93,V,,,,,,,050219,,,N*75
$GPGGA,204309.93,,,,,0,00,999.9,,M,,M,,*60
$GPGSV,3,1,09,26,51,308,20,29,41,062,23,25,24,131,20,21,77,171,*74
$GPGSV,3,2,09,31,41,231,,16,24,310,,20,14,163,,05,13,044,*71
$GPGSV,3,3,09,27,04,268,*4D
$GLGSV,2,1,08,77,72,245,,87,69,317,,88,33,253,,86,29,042,*6A
$GLGSV,2,2,08,76,23,168,,71,12,070,,70,07,023,,72,01,115,*60
$QZGSV,1,1,01,01,00,042,*53
$GPGSA,A,1,,,,,,,,,,,,,140.0,99.0,99.0*35
$GNGSA,A,1,,,,,,,,,,,,,140.0,99.0,99.0*2B
$GNGSA,A,1,,,,,,,,,,,,,140.0,99.0,99.0*2B
$QZGSA,A,1,,,,,,,,,,,,,140.0,99.0,99.0*29
$IMGSA,A,1,,,,,,,,,,,,,140.0,99.0,99.0*26
$GPRMC,204309.93,V,,,,,,,050219,,,N*74
$GPGGA,204310.93,,,,,0,00,999.9,,M,,M,,*68
$GPGSV,3,1,09,26,51,308,20,29,41,062,23,25,24,131,21,21,77,171,*75
$GPGSV,3,2,09,31,41,231,,16,24,310,,20,14,163,,05,13,044,*71
$GPGSV,3,3,09,27,04,268,*4D
$GLGSV,2,1,08,77,72,244,,87,69,317,,88,33,253,,86,29,042,*6B
$GLGSV,2,2,08,76,23,168,,71,12,070,,70,07,023,,72,01,115,*60
$QZGSV,1,1,01,01,00,042,*53
$GPGSA,A,1,,,,,,,,,,,,,140.0,99.0,99.0*35
$GNGSA,A,1,,,,,,,,,,,,,140.0,99.0,99.0*2B
$GNGSA,A,1,,,,,,,,,,,,,140.0,99.0,99.0*2B
$QZGSA,A,1,,,,,,,,,,,,,140.0,99.0,99.0*29
$IMGSA,A,1,,,,,,,,,,,,,140.0,99.0,99.0*26
$GPRMC,204310.93,V,,,,,,,050219,,,N*7C
$GPGGA,204311.93,,,,,0,00,999.9,,M,,M,,*69
$GPGSV,3,1,09,26,51,308,20,29,41,062,23,25,24,131,21,21,77,171,*75
$GPGSV,3,2,09,31,41,231,,16,24,310,,20,14,163,,05,13,044,*71
$GPGSV,3,3,09,27,04,268,*4D
$GLGSV,2,1,08,77,72,244,,87,69,317,,88,33,253,,86,28,042,*6A
$GLGSV,2,2,08,76,23,168,,71,12,070,,70,07,023,,72,01,115,*60
$QZGSV,1,1,01,01,00,042,*53
$GPGSA,A,1,,,,,,,,,,,,,140.0,99.0,99.0*35
$GNGSA,A,1,,,,,,,,,,,,,140.0,99.0,99.0*2B
$GNGSA,A,1,,,,,,,,,,,,,140.0,99.0,99.0*2B
$QZGSA,A,1,,,,,,,,,,,,,140.0,99.0,99.0*29
$IMGSA,A,1,,,,,,,,,,,,,140.0,99.0,99.0*26
$GPRMC,204311.93,V,,,,,,,050219,,,N*7D
$GPGGA,204312.93,,,,,0,00,999.9,,M,,M,,*6A
$GPGSV,3,1,09,26,51,308,21,29,41,062,23,25,24,131,20,21,77,171,*75
$GPGSV,3,2,09,31,41,231,,16,24,310,,20,14,163,,05,13,044,*71
$GPGSV,3,3,09,27,04,268,*4D
$GLGSV,2,1,08,77,72,244,,87,69,317,,88,33,253,,86,28,042,*6A
$GLGSV,2,2,08,76,23,168,,71,12,070,,70,07,023,,72,01,115,*60
$QZGSV,1,1,01,01,00,042,*53
$GPGSA,A,1,,,,,,,,,,,,,140.0,99.0,99.0*35
$GNGSA,A,1,,,,,,,,,,,,,140.0,99.0,99.0*2B
$GNGSA,A,1,,,,,,,,,,,,,140.0,99.0,99.0*2B
$QZGSA,A,1,,,,,,,,,,,,,140.0,99.0,99.0*29
$IMGSA,A,1,,,,,,,,,,,,,140.0,99.0,99.0*26
$GPRMC,204312.93,V,,,,,,,050219,,,N*7E
$GPGGA,204313.93,,,,,0,00,999.9,,M,,M,,*6B
$GPGSV,3,1,09,26,51,308,21,29,41,062,23,25,24,131,20,05,13,044,13*74
$GPGSV,3,2,09,21,77,171,,31,41,231,,16,24,310,,20,14,163,*72
$GPGSV,3,3,09,27,04,268,*4D
$GLGSV,2,1,08,77,72,244,,87,69,317,,88,33,253,,86,28,042,*6A
$GLGSV,2,2,08,76,23,168,,71,12,070,,70,07,023,,72,01,115,*60
$QZGSV,1,1,01,01,00,042,*53
$GPGSA,A,1,,,,,,,,,,,,,140.0,99.0,99.0*35
$GNGSA,A,1,,,,,,,,,,,,,140.0,99.0,99.0*2B
$GNGSA,A,1,,,,,,,,,,,,,140.0,99.0,99.0*2B
$QZGSA,A,1,,,,,,,,,,,,,140.0,99.0,99.0*29
$IMGSA,A,1,,,,,,,,,,,,,140.0,99.0,99.0*26
$GPRMC,204313.93,V,,,,,,,050219,,,N*7F
$GPGGA,204314.93,,,,,0,00,999.9,,M,,M,,*6C
$GPGSV,3,1,09,26,51,308,21,29,41,062,23,25,24,131,19,05,13,044,15*78
$GPGSV,3,2,09,21,77,171,,31,41,231,,16,24,310,,20,14,162,*73
$GPGSV,3,3,09,27,04,268,*4D
$GLGSV,2,1,08,77,72,244,,87,69,317,,88,33,253,,86,28,042,*6A
$GLGSV,2,2,08,76,23,168,,71,12,070,,70,07,023,,72,01,115,*60
$QZGSV,1,1,01,01,00,042,*53
$GPGSA,A,1,,,,,,,,,,,,,140.0,99.0,99.0*35
$GNGSA,A,1,,,,,,,,,,,,,140.0,99.0,99.0*2B
$GNGSA,A,1,,,,,,,,,,,,,140.0,99.0,99.0*2B
$QZGSA,A,1,,,,,,,,,,,,,140.0,99.0,99.0*29
$IMGSA,A,1,,,,,,,,,,,,,140.0,99.0,99.0*26
$GPRMC,204314.93,V,,,,,,,050219,,,N*78
$GPGGA,204315.93,,,,,0,00,999.9,,M,,M,,*6D
$GPGSV,3,1,09,26,51,308,20,29,41,062,23,25,24,131,19,05,13,044,19*75
$GPGSV,3,2,09,21,77,171,,31,41,231,,16,24,310,,20,14,162,*73
$GPGSV,3,3,09,27,04,268,*4D
$GLGSV,2,1,08,77,72,244,,87,69,317,,88,33,253,,86,28,042,*6A
$GLGSV,2,2,08,76,23,168,,71,12,070,,70,07,023,,72,01,115,*60
$QZGSV,1,1,01,01,00,042,*53
$GPGSA,A,1,,,,,,,,,,,,,140.0,99.0,99.0*35
$GNGSA,A,1,,,,,,,,,,,,,140.0,99.0,99.0*2B
$GNGSA,A,1,,,,,,,,,,,,,140.0,99.0,99.0*2B
$QZGSA,A,1,,,,,,,,,,,,,140.0,99.0,99.0*29
$IMGSA,A,1,,,,,,,,,,,,,140.0,99.0,99.0*26
$GPRMC,204315.93,V,,,,,,,050219,,,N*79
$GPGGA,204316.93,,,,,0,00,999.9,,M,,M,,*6E
$GPGSV,3,1,09,26,51,308,21,29,41,062,22,25,24,131,19,05,13,044,19*75
$GPGSV,3,2,09,21,77,171,,31,41,231,,16,24,310,,20,14,162,*73
$GPGSV,3,3,09,27,04,268,*4D
$GLGSV,2,1,08,77,72,244,,87,69,317,,88,33,253,,86,28,042,*6A
$GLGSV,2,2,08,76,23,168,,71,12,070,,70,07,023,,72,01,115,*60
$QZGSV,1,1,01,01,00,042,*53
$GPGSA,A,1,,,,,,,,,,,,,140.0,99.0,99.0*35
$GNGSA,A,1,,,,,,,,,,,,,140.0,99.0,99.0*2B
$GNGSA,A,1,,,,,,,,,,,,,140.0,99.0,99.0*2B
$QZGSA,A,1,,,,,,,,,,,,,140.0,99.0,99.0*29
$IMGSA,A,1,,,,,,,,,,,,,140.0,99.0,99.0*26
$GPRMC,204316.93,V,,,,,,,050219,,,N*7A
$GPGGA,204317.93,,,,,0,00,999.9,,M,,M,,*6F
$GPGSV,3,1,09,26,51,308,21,29,41,062,22,25,24,131,20,05,13,044,21*74
$GPGSV,3,2,09,21,77,171,,31,41,231,,16,24,310,,20,14,162,*73
$GPGSV,3,3,09,27,04,268,*4D
$GLGSV,2,1,08,77,72,244,,87,69,317,,88,33,253,,86,28,042,*6A
$GLGSV,2,2,08,76,23,168,,71,12,070,,70,07,023,,72,01,115,*60
$QZGSV,1,1,01,01,00,042,*53
$GPGSA,A,1,,,,,,,,,,,,,140.0,99.0,99.0*35
$GNGSA,A,1,,,,,,,,,,,,,140.0,99.0,99.0*2B
$GNGSA,A,1,,,,,,,,,,,,,140.0,99.0,99.0*2B
$QZGSA,A,1,,,,,,,,,,,,,140.0,99.0,99.0*29
$IMGSA,A,1,,,,,,,,,,,,,140.0,99.0,99.0*26
$GPRMC,204317.93,V,,,,,,,050219,,,N*7B
$GPGGA,204318.93,,,,,0,00,999.9,,M,,M,,*60
$GPGSV,3,1,09,26,51,308,21,29,41,062,22,25,24,131,20,05,13,044,20*75
$GPGSV,3,2,09,21,77,171,,31,41,231,,16,24,310,,20,14,162,*73
$GPGSV,3,3,09,27,04,268,*4D
$GLGSV,2,1,08,77,72,244,,87,69,317,,88,33,253,,86,28,042,*6A
$GLGSV,2,2,08,76,23,168,,71,12,070,,70,07,023,,72,01,115,*60
$QZGSV,1,1,01,01,00,042,*53
$GPGSA,A,1,,,,,,,,,,,,,140.0,99.0,99.0*35
$GNGSA,A,1,,,,,,,,,,,,,140.0,99.0,99.0*2B
$GNGSA,A,1,,,,,,,,,,,,,140.0,99.0,99.0*2B
$QZGSA,A,1,,,,,,,,,,,,,140.0,99.0,99.0*29
$IMGSA,A,1,,,,,,,,,,,,,140.0,99.0,99.0*26
$GPRMC,204318.93,V,,,,,,,050219,,,N*74
$GPGGA,204319.93,,,,,0,00,999.9,,M,,M,,*61
$GPGSV,3,1,09,26,51,308,21,29,41,062,24,25,24,131,19,05,13,044,20*79
$GPGSV,3,2,09,21,77,171,,31,41,231,,16,24,310,,20,14,162,*73
$GPGSV,3,3,09,27,04,268,*4D
$GLGSV,2,1,08,77,72,244,,87,69,317,,88,33,253,,86,28,042,*6A
$GLGSV,2,2,08,76,23,168,,71,12,070,,70,07,023,,72,01,115,*60
$QZGSV,1,1,01,01,00,042,*53
$GPGSA,A,1,,,,,,,,,,,,,140.0,99.0,99.0*35
$GNGSA,A,1,,,,,,,,,,,,,140.0,99.0,99.0*2B
$GNGSA,A,1,,,,,,,,,,,,,140.0,99.0,99.0*2B
$QZGSA,A,1,,,,,,,,,,,,,140.0,99.0,99.0*29
$IMGSA,A,1,,,,,,,,,,,,,140.0,99.0,99.0*26
$GPRMC,204319.93,V,,,,,,,050219,,,N*75
$GPGGA,204320.93,,,,,0,00,999.9,,M,,M,,*6B
$GPGSV,3,1,09,26,51,308,21,29,41,062,24,25,24,131,19,05,13,044,19*73
$GPGSV,3,2,09,21,77,171,,31,41,231,,16,24,310,,20,14,162,*73
$GPGSV,3,3,09,27,04,268,*4D
$GLGSV,2,1,08,77,72,244,,87,69,317,,88,33,253,,86,28,042,*6A
$GLGSV,2,2,08,76,23,168,,71,12,070,,70,07,023,,72,01,115,*60
$QZGSV,1,1,01,01,00,042,*53
$GPGSA,A,1,,,,,,,,,,,,,140.0,99.0,99.0*35
$GNGSA,A,1,,,,,,,,,,,,,140.0,99.0,99.0*2B
$GNGSA,A,1,,,,,,,,,,,,,140.0,99.0,99.0*2B
$QZGSA,A,1,,,,,,,,,,,,,140.0,99.0,99.0*29
$IMGSA,A,1,,,,,,,,,,,,,140.0,99.0,99.0*26
$GPRMC,204320.93,V,,,,,,,050219,,,N*7F
$GPGGA,204321.93,,,,,0,00,999.9,,M,,M,,*6A
$GPGSV,3,1,09,26,52,308,21,29,41,062,23,25,24,131,19,05,13,044,19*77
$GPGSV,3,2,09,21,77,171,,31,41,231,,16,24,310,,20,14,162,*73
$GPGSV,3,3,09,27,04,268,*4D
$GLGSV,2,1,08,77,72,244,,87,69,317,,88,33,253,,86,28,042,*6A
$GLGSV,2,2,08,76,23,168,,71,12,070,,70,07,023,,72,01,115,*60
$QZGSV,1,1,01,01,00,042,*53
$GPGSA,A,1,,,,,,,,,,,,,140.0,99.0,99.0*35
$GNGSA,A,1,,,,,,,,,,,,,140.0,99.0,99.0*2B
$GNGSA,A,1,,,,,,,,,,,,,140.0,99.0,99.0*2B
$QZGSA,A,1,,,,,,,,,,,,,140.0,99.0,99.0*29
$IMGSA,A,1,,,,,,,,,,,,,140.0,99.0,99.0*26
$GPRMC,204321.93,V,,,,,,,050219,,,N*7E
$GPGGA,204322.93,,,,,0,00,999.9,,M,,M,,*69
$GPGSV,3,1,09,26,52,308,21,29,41,062,23,25,24,131,19,05,13,044,19*77
$GPGSV,3,2,09,21,77,171,,31,41,231,,16,24,310,,20,14,162,*73
$GPGSV,3,3,09,27,04,268,*4D
$GLGSV,2,1,08,77,72,244,,87,69,317,,88,33,253,,86,28,042,*6A
$GLGSV,2,2,08,76,23,168,,71,12,070,,70,07,023,,72,01,115,*60
$QZGSV,1,1,01,01,00,042,*53
$GPGSA,A,1,,,,,,,,,,,,,140.0,99.0,99.0*35
$GNGSA,A,1,,,,,,,,,,,,,140.0,99.0,99.0*2B
$GNGSA,A,1,,,,,,,,,,,,,140.0,99.0,99.0*2B
$QZGSA,A,1,,,,,,,,,,,,,140.0,99.0,99.0*29
$IMGSA,A,1,,,,,,,,,,,,,140.0,99.0,99.0*26
$GPRMC,204322.93,V,,,,,,,050219,,,N*7D
$GPGGA,204323.93,,,,,0,00,999.9,,M,,M,,*68
$GPGSV,3,1,09,26,52,308,20,29,41,062,22,25,24,131,19,05,13,044,19*77
$GPGSV,3,2,09,21,77,171,,31,41,231,,16,24,310,,20,14,162,*73
$GPGSV,3,3,09,27,04,268,*4D
$GLGSV,2,1,08,77,72,244,,87,69,317,,88,33,253,,86,28,042,*6A
$GLGSV,2,2,08,76,23,168,,71,12,070,,70,07,023,,72,01,115,*60
$QZGSV,1,1,01,01,00,042,*53
$GPGSA,A,1,,,,,,,,,,,,,140.0,99.0,99.0*35
$GNGSA,A,1,,,,,,,,,,,,,140.0,99.0,99.0*2B
$GNGSA,A,1,,,,,,,,,,,,,140.0,99.0,99.0*2B
$QZGSA,A,1,,,,,,,,,,,,,140.0,99.0,99.0*29
$IMGSA,A,1,,,,,,,,,,,,,140.0,99.0,99.0*26
$GPRMC,204323.93,V,,,,,,,050219,,,N*7C
$GPGGA,204324.93,,,,,0,00,999.9,,M,,M,,*6F
$GPGSV,3,1,09,26,52,308,20,29,41,062,23,25,24,131,19,05,13,044,18*77
$GPGSV,3,2,09,21,77,171,,31,41,231,,16,24,310,,20,14,162,*73
$GPGSV,3,3,09,27,04,268,*4D
$GLGSV,2,1,08,77,72,244,,87,69,317,,88,33,253,,86,28,042,*6A
$GLGSV,2,2,08,76,23,168,,71,12,070,,70,07,023,,72,01,115,*60
$QZGSV,1,1,01,01,00,042,*53
$GPGSA,A,1,,,,,,,,,,,,,140.0,99.0,99.0*35
$GNGSA,A,1,,,,,,,,,,,,,140.0,99.0,99.0*2B
$GNGSA,A,1,,,,,,,,,,,,,140.0,99.0,99.0*2B
$QZGSA,A,1,,,,,,,,,,,,,140.0,99.0,99.0*29
$IMGSA,A,1,,,,,,,,,,,,,140.0,99.0,99.0*26
$GPRMC,204324.93,V,,,,,,,050219,,,N*7B
$GPGGA,204325.93,,,,,0,00,999.9,,M,,M,,*6E
$GPGSV,3,1,09,26,52,308,20,29,41,062,23,25,24,131,20,05,13,044,18*7D
$GPGSV,3,2,09,21,77,171,,31,41,231,,16,24,310,,20,14,162,*73
$GPGSV,3,3,09,27,04,268,*4D
$GLGSV,2,1,08,77,72,244,,87,69,317,,88,33,253,,86,28,042,*6A
$GLGSV,2,2,08,76,23,168,,71,12,070,,70,07,023,,72,01,115,*60
$QZGSV,1,1,01,01,00,042,*53
$GPGSA,A,1,,,,,,,,,,,,,140.0,99.0,99.0*35
$GNGSA,A,1,,,,,,,,,,,,,140.0,99.0,99.0*2B
$GNGSA,A,1,,,,,,,,,,,,,140.0,99.0,99.0*2B
$QZGSA,A,1,,,,,,,,,,,,,140.0,99.0,99.0*29
$IMGSA,A,1,,,,,,,,,,,,,140.0,99.0,99.0*26
$GPRMC,204325.93,V,,,,,,,050219,,,N*7A
$GPGGA,204326.93,,,,,0,00,999.9,,M,,M,,*6D
$GPGSV,3,1,09,26,52,308,20,29,41,062,23,25,24,131,20,05,13,044,18*7D
$GPGSV,3,2,09,21,77,171,,31,41,231,,16,24,310,,20,14,162,*73
$GPGSV,3,3,09,27,04,268,*4D
$GLGSV,2,1,08,77,72,244,,87,69,317,,88,33,253,,86,28,042,*6A
$GLGSV,2,2,08,76,23,168,,71,12,070,,70,07,023,,72,01,115,*60
$QZGSV,1,1,01,01,00,042,*53
$GPGSA,A,1,,,,,,,,,,,,,140.0,99.0,99.0*35
$GNGSA,A,1,,,,,,,,,,,,,140.0,99.0,99.0*2B
$GNGSA,A,1,,,,,,,,,,,,,140.0,99.0,99.0*2B
$QZGSA,A,1,,,,,,,,,,,,,140.0,99.0,99.0*29
$IMGSA,A,1,,,,,,,,,,,,,140.0,99.0,99.0*26
$GPRMC,204326.93,V,,,,,,,050219,,,N*79
$GPGGA,204327.93,,,,,0,00,999.9,,M,,M,,*6C
$GPGSV,3,1,09,26,52,308,19,29,41,062,23,25,24,131,20,05,13,044,17*78
$GPGSV,3,2,09,21,77,171,,31,41,231,,16,24,310,,20,14,162,*73
$GPGSV,3,3,09,27,04,268,*4D
$GLGSV,2,1,08,77,72,244,,87,69,317,,88,33,253,,86,28,042,*6A
$GLGSV,2,2,08,76,23,168,,71,12,070,,70,07,023,,72,01,115,*60
$QZGSV,1,1,01,01,00,042,*53
$GPGSA,A,1,,,,,,,,,,,,,140.0,99.0,99.0*35
$GNGSA,A,1,,,,,,,,,,,,,140.0,99.0,99.0*2B
$GNGSA,A,1,,,,,,,,,,,,,140.0,99.0,99.0*2B
$QZGSA,A,1,,,,,,,,,,,,,140.0,99.0,99.0*29
$IMGSA,A,1,,,,,,,,,,,,,140.0,99.0,99.0*26
$GPRMC,204327.93,V,,,,,,,050219,,,N*78
$GPGGA,204328.93,,,,,0,00,999.9,,M,,M,,*63
$GPGSV,3,1,09,26,52,308,19,29,41,062,22,25,24,131,20,05,13,044,17*79
$GPGSV,3,2,09,21,77,171,,31,41,231,,16,24,310,,20,14,162,*73
$GPGSV,3,3,09,27,04,268,*4D
$GLGSV,2,1,08,77,72,244,,87,69,317,,88,33,253,,86,28,042,*6A
$GLGSV,2,2,08,76,23,168,,71,12,070,,70,07,023,,72,01,115,*60
$QZGSV,1,1,01,01,00,042,*53
$GPGSA,A,1,,,,,,,,,,,,,140.0,99.0,99.0*35
$GNGSA,A,1,,,,,,,,,,,,,140.0,99.0,99.0*2B
$GNGSA,A,1,,,,,,,,,,,,,140.0,99.0,99.0*2B
$QZGSA,A,1,,,,,,,,,,,,,140.0,99.0,99.0*29
$IMGSA,A,1,,,,,,,,,,,,,140.0,99.0,99.0*26
$GPRMC,204328.93,V,,,,,,,050219,,,N*77
$GPGGA,204329.93,,,,,0,00,999.9,,M,,M,,*62
$GPGSV,3,1,09,26,52,308,19,29,41,062,22,25,24,131,20,05,13,044,17*79
$GPGSV,3,2,09,21,77,171,,31,41,231,,16,24,310,,20,14,162,*73
$GPGSV,3,3,09,27,04,268,*4D
$GLGSV,2,1,08,77,72,244,,87,69,317,,88,33,253,,86,28,042,*6A
$GLGSV,2,2,08,76,23,168,,71,12,070,,70,07,023,,72,01,115,*60
$QZGSV,1,1,01,01,00,042,*53
$GPGSA,A,1,,,,,,,,,,,,,140.0,99.0,99.0*35
$GNGSA,A,1,,,,,,,,,,,,,140.0,99.0,99.0*2B
$GNGSA,A,1,,,,,,,,,,,,,140.0,99.0,99.0*2B
$QZGSA,A,1,,,,,,,,,,,,,140.0,99.0,99.0*29
$IMGSA,A,1,,,,,,,,,,,,,140.0,99.0,99.0*26
$GPRMC,204329.93,V,,,,,,,050219,,,N*76
$GPGGA,204330.93,,,,,0,00,999.9,,M,,M,,*6A
$GPGSV,3,1,09,26,52,308,19,29,41,062,22,25,24,131,19,05,13,044,17*73
$GPGSV,3,2,09,21,77,171,,31,41,231,,16,24,310,,20,14,162,*73
$GPGSV,3,3,09,27,04,268,*4D
$GLGSV,2,1,08,77,72,244,,87,69,317,,88,33,253,,86,28,042,*6A
$GLGSV,2,2,08,76,23,168,,71,12,070,,70,07,023,,72,01,115,*60
$QZGSV,1,1,01,01,00,042,*53
$GPGSA,A,1,,,,,,,,,,,,,140.0,99.0,99.0*35
$GNGSA,A,1,,,,,,,,,,,,,140.0,99.0,99.0*2B
$GNGSA,A,1,,,,,,,,,,,,,140.0,99.0,99.0*2B
$QZGSA,A,1,,,,,,,,,,,,,140.0,99.0,99.0*29
$IMGSA,A,1,,,,,,,,,,,,,140.0,99.0,99.0*26
$GPRMC,204330.93,V,,,,,,,050219,,,N*7E
$GPGGA,204331.93,,,,,0,00,999.9,,M,,M,,*6B
$GPGSV,3,1,09,26,52,308,19,29,41,062,22,25,24,131,19,05,13,044,17*73
$GPGSV,3,2,09,21,77,171,,31,41,231,,16,24,310,,20,14,162,*73
$GPGSV,3,3,09,27,04,268,*4D
$GLGSV,2,1,08,77,72,244,,87,69,317,,88,33,253,,86,28,042,*6A
$GLGSV,2,2,08,76,23,168,,71,12,070,,70,07,023,,72,01,115,*60
$QZGSV,1,1,01,01,00,042,*53
$GPGSA,A,1,,,,,,,,,,,,,140.0,99.0,99.0*35
$GNGSA,A,1,,,,,,,,,,,,,140.0,99.0,99.0*2B
$GNGSA,A,1,,,,,,,,,,,,,140.0,99.0,99.0*2B
$QZGSA,A,1,,,,,,,,,,,,,140.0,99.0,99.0*29
$IMGSA,A,1,,,,,,,,,,,,,140.0,99.0,99.0*26
$GPRMC,204331.93,V,,,,,,,050219,,,N*7F
$GPGGA,204332.93,,,,,0,00,999.9,,M,,M,,*68
$GPGSV,3,1,09,26,52,308,18,29,41,062,22,25,24,131,18,05,13,044,17*73
$GPGSV,3,2,09,21,77,171,,31,41,231,,16,24,310,,20,14,162,*73
$GPGSV,3,3,09,27,04,268,*4D
$GLGSV,2,1,08,77,72,244,,87,69,317,,88,33,253,,86,28,042,*6A
$GLGSV,2,2,08,76,23,168,,71,12,070,,70,07,023,,72,01,115,*60
$QZGSV,1,1,01,01,00,042,*53
$GPGSA,A,1,,,,,,,,,,,,,140.0,99.0,99.0*35
$GNGSA,A,1,,,,,,,,,,,,,140.0,99.0,99.0*2B
$GNGSA,A,1,,,,,,,,,,,,,140.0,99.0,99.0*2B
$QZGSA,A,1,,,,,,,,,,,,,140.0,99.0,99.0*29
$IMGSA,A,1,,,,,,,,,,,,,140.0,99.0,99.0*26
$GPRMC,204332.93,V,,,,,,,050219,,,N*7C
$GPGGA,204333.93,,,,,0,00,999.9,,M,,M,,*69
$GPGSV,3,1,09,26,52,308,18,29,41,062,21,25,24,131,18,05,13,044,17*70
$GPGSV,3,2,09,21,77,171,,31,41,231,,16,24,310,,20,14,162,*73
$GPGSV,3,3,09,27,04,268,*4D
$GLGSV,2,1,08,77,72,244,,87,69,317,,88,33,253,,86,28,042,*6A
$GLGSV,2,2,08,76,23,168,,71,12,070,,70,07,023,,72,01,115,*60
$QZGSV,1,1,01,01,00,042,*53
$GPGSA,A,1,,,,,,,,,,,,,140.0,99.0,99.0*35
$GNGSA,A,1,,,,,,,,,,,,,140.0,99.0,99.0*2B
$GNGSA,A,1,,,,,,,,,,,,,140.0,99.0,99.0*2B
$QZGSA,A,1,,,,,,,,,,,,,140.0,99.0,99.0*29
$IMGSA,A,1,,,,,,,,,,,,,140.0,99.0,99.0*26
$GPRMC,204333.93,V,,,,,,,050219,,,N*7D
$GPGGA,204334.93,,,,,0,00,999.9,,M,,M,,*6E
$GPGSV,3,1,09,26,52,308,18,29,41,062,21,25,24,131,17,05,13,044,17*7F
$GPGSV,3,2,09,21,77,171,,31,41,231,,16,24,310,,20,14,162,*73
$GPGSV,3,3,09,27,04,268,*4D
$GLGSV,2,1,08,77,72,244,,87,69,317,,88,33,253,,86,28,042,*6A
$GLGSV,2,2,08,76,23,168,,71,12,070,,70,07,023,,72,01,115,*60
$QZGSV,1,1,01,01,00,042,*53
$GPGSA,A,1,,,,,,,,,,,,,140.0,99.0,99.0*35
$GNGSA,A,1,,,,,,,,,,,,,140.0,99.0,99.0*2B
$GNGSA,A,1,,,,,,,,,,,,,140.0,99.0,99.0*2B
$QZGSA,A,1,,,,,,,,,,,,,140.0,99.0,99.0*29
$IMGSA,A,1,,,,,,,,,,,,,140.0,99.0,99.0*26
$GPRMC,204334.93,V,,,,,,,050219,,,N*7A
$GPGGA,204335.93,,,,,0,00,999.9,,M,,M,,*6F
$GPGSV,3,1,09,26,52,308,18,29,41,062,20,31,41,231,13,25,24,131,17*7A
$GPGSV,3,2,09,05,13,044,16,21,77,171,,16,24,310,,20,14,162,*74
$GPGSV,3,3,09,27,04,268,*4D
$GLGSV,2,1,08,77,72,244,,87,69,317,,88,33,253,,86,28,042,*6A
$GLGSV,2,2,08,76,23,168,,71,12,070,,70,07,023,,72,01,115,*60
$QZGSV,1,1,01,01,00,042,*53
$GPGSA,A,1,,,,,,,,,,,,,140.0,99.0,99.0*35
$GNGSA,A,1,,,,,,,,,,,,,140.0,99.0,99.0*2B
$GNGSA,A,1,,,,,,,,,,,,,140.0,99.0,99.0*2B
$QZGSA,A,1,,,,,,,,,,,,,140.0,99.0,99.0*29
$IMGSA,A,1,,,,,,,,,,,,,140.0,99.0,99.0*26
$GPRMC,204335.93,V,,,,,,,050219,,,N*7B
$GPGGA,204336.93,,,,,0,00,999.9,,M,,M,,*6C
$GPGSV,3,1,09,26,52,308,17,29,41,062,20,31,41,231,18,25,24,131,17*7E
$GPGSV,3,2,09,05,13,044,16,21,77,171,,16,24,310,,20,14,162,*74
$GPGSV,3,3,09,27,04,268,*4D
$GLGSV,2,1,08,77,72,244,,87,69,317,,88,33,253,,86,28,042,*6A
$GLGSV,2,2,08,76,23,168,,71,12,070,,70,07,023,,72,01,115,*60
$QZGSV,1,1,01,01,00,042,*53
$GPGSA,A,1,,,,,,,,,,,,,140.0,99.0,99.0*35
$GNGSA,A,1,,,,,,,,,,,,,140.0,99.0,99.0*2B
$GNGSA,A,1,,,,,,,,,,,,,140.0,99.0,99.0*2B
$QZGSA,A,1,,,,,,,,,,,,,140.0,99.0,99.0*29
$IMGSA,A,1,,,,,,,,,,,,,140.0,99.0,99.0*26
$GPRMC,204336.93,V,,,,,,,050219,,,N*78
$GPGGA,204337.93,,,,,0,00,999.9,,M,,M,,*6D
$GPGSV,3,1,09,26,52,308,17,29,41,062,20,31,41,231,18,25,24,131,16*7F
$GPGSV,3,2,09,05,13,044,16,21,77,171,,16,24,310,,20,14,162,*74
$GPGSV,3,3,09,27,04,268,*4D
$GLGSV,2,1,08,77,72,244,,87,69,317,,88,33,253,,86,28,042,*6A
$GLGSV,2,2,08,76,23,168,,71,12,070,,70,07,023,,72,01,115,*60
$QZGSV,1,1,01,01,00,042,*53
$GPGSA,A,1,,,,,,,,,,,,,140.0,99.0,99.0*35
$GNGSA,A,1,,,,,,,,,,,,,140.0,99.0,99.0*2B
$GNGSA,A,1,,,,,,,,,,,,,140.0,99.0,99.0*2B
$QZGSA,A,1,,,,,,,,,,,,,140.0,99.0,99.0*29
$IMGSA,A,1,,,,,,,,,,,,,140.0,99.0,99.0*26
$GPRMC,204337.93,V,,,,,,,050219,,,N*79
$GPGGA,204338.93,,,,,0,00,999.9,,M,,M,,*62
$GPGSV,3,1,09,26,52,308,19,29,41,062,20,31,41,231,18,25,24,131,16*71
$GPGSV,3,2,09,05,13,044,16,21,77,171,,16,24,310,,20,14,162,*74
$GPGSV,3,3,09,27,04,268,*4D
$GLGSV,2,1,08,77,72,244,,87,69,317,,88,33,253,,86,28,042,*6A
$GLGSV,2,2,08,76,23,168,,71,12,070,,70,07,023,,72,01,115,*60
$QZGSV,1,1,01,01,00,042,*53
$GPGSA,A,1,,,,,,,,,,,,,140.0,99.0,99.0*35
$GNGSA,A,1,,,,,,,,,,,,,140.0,99.0,99.0*2B
$GNGSA,A,1,,,,,,,,,,,,,140.0,99.0,99.0*2B
$QZGSA,A,1,,,,,,,,,,,,,140.0,99.0,99.0*29
$IMGSA,A,1,,,,,,,,,,,,,140.0,99.0,99.0*26
$GPRMC,204338.93,V,,,,,,,050219,,,N*76
$GPGGA,204339.93,,,,,0,00,999.9,,M,,M,,*63
$GPGSV,3,1,09,26,52,308,21,29,41,062,20,31,41,231,18,25,24,131,16*7A
$GPGSV,3,2,09,05,13,044,19,21,77,171,,16,24,310,,20,14,162,*7B
$GPGSV,3,3,09,27,04,268,*4D
$GLGSV,2,1,08,77,72,244,,87,69,317,,88,33,253,,86,28,042,*6A
$GLGSV,2,2,08,76,23,168,,71,12,070,,70,07,023,,72,01,115,*60
$QZGSV,1,1,01,01,00,042,*53
$GPGSA,A,1,,,,,,,,,,,,,140.0,99.0,99.0*35
$GNGSA,A,1,,,,,,,,,,,,,140.0,99.0,99.0*2B
$GNGSA,A,1,,,,,,,,,,,,,140.0,99.0,99.0*2B
$QZGSA,A,1,,,,,,,,,,,,,140.0,99.0,99.0*29
$IMGSA,A,1,,,,,,,,,,,,,140.0,99.0,99.0*26
$GPRMC,204339.93,V,,,,,,,050219,,,N*77
$GPGGA,204340.93,,,,,0,00,999.9,,M,,M,,*6D
$GPGSV,3,1,09,26,52,308,21,29,41,062,19,31,41,231,18,25,24,131,16*70
$GPGSV,3,2,09,05,13,044,19,21,77,171,,16,24,310,,20,14,162,*7B
$GPGSV,3,3,09,27,04,268,*4D
$GLGSV,2,1,08,77,72,244,,87,69,317,,88,33,253,,86,28,042,*6A
$GLGSV,2,2,08,76,23,168,,71,12,070,,70,07,023,,72,01,115,*60
$QZGSV,1,1,01,01,00,042,*53
$GPGSA,A,1,,,,,,,,,,,,,140.0,99.0,99.0*35
$GNGSA,A,1,,,,,,,,,,,,,140.0,99.0,99.0*2B
$GNGSA,A,1,,,,,,,,,,,,,140.0,99.0,99.0*2B
$QZGSA,A,1,,,,,,,,,,,,,140.0,99.0,99.0*29
$IMGSA,A,1,,,,,,,,,,,,,140.0,99.0,99.0*26
$GPRMC,204340.93,V,,,,,,,050219,,,N*79
$GPGGA,204341.93,,,,,0,00,999.9,,M,,M,,*6C
$GPGSV,3,1,09,26,52,308,20,29,41,062,19,31,41,231,18,25,24,131,15*72
$GPGSV,3,2,09,05,13,044,18,21,77,171,,16,24,310,,20,14,162,*7A
$GPGSV,3,3,09,27,04,268,*4D
$GLGSV,2,1,08,77,72,244,,87,69,317,,88,33,253,,86,28,042,*6A
$GLGSV,2,2,08,76,23,168,,71,12,070,,70,07,023,,72,01,115,*60
$QZGSV,1,1,01,01,00,042,*53
$GPGSA,A,1,,,,,,,,,,,,,140.0,99.0,99.0*35
$GNGSA,A,1,,,,,,,,,,,,,140.0,99.0,99.0*2B
$GNGSA,A,1,,,,,,,,,,,,,140.0,99.0,99.0*2B
$QZGSA,A,1,,,,,,,,,,,,,140.0,99.0,99.0*29
$IMGSA,A,1,,,,,,,,,,,,,140.0,99.0,99.0*26
$GPRMC,204341.93,V,,,,,,,050219,,,N*78
$GPGGA,204342.93,,,,,0,00,999.9,,M,,M,,*6F
$GPGSV,3,1,09,26,52,308,21,29,41,062,25,31,41,231,17,25,24,131,15*73
$GPGSV,3,2,09,05,13,044,18,21,77,171,,16,24,310,,20,14,162,*7A
$GPGSV,3,3,09,27,04,268,*4D
$GLGSV,2,1,08,77,72,244,,87,69,317,,88,33,253,,86,28,042,*6A
$GLGSV,2,2,08,76,23,168,,71,12,070,,70,07,023,,72,01,115,*60
$QZGSV,1,1,01,01,00,042,*53
$GPGSA,A,1,,,,,,,,,,,,,140.0,99.0,99.0*35
$GNGSA,A,1,,,,,,,,,,,,,140.0,99.0,99.0*2B
$GNGSA,A,1,,,,,,,,,,,,,140.0,99.0,99.0*2B
$QZGSA,A,1,,,,,,,,,,,,,140.0,99.0,99.0*29
$IMGSA,A,1,,,,,,,,,,,,,140.0,99.0,99.0*26
$GPRMC,204342.93,V,,,,,,,050219,,,N*7B
$GPGGA,204343.93,,,,,0,00,999.9,,M,,M,,*6E
$GPGSV,3,1,09,26,52,308,21,29,41,062,25,31,41,231,17,25,24,131,15*73
$GPGSV,3,2,09,05,13,044,18,21,77,171,,16,25,310,,20,14,162,*7B
$GPGSV,3,3,09,27,04,268,*4D
$GLGSV,2,1,08,77,72,243,,87,69,317,,88,33,253,,86,28,042,*6D
$GLGSV,2,2,08,76,23,168,,71,12,070,,70,07,023,,72,01,115,*60
$QZGSV,1,1,01,01,00,042,*53
$GPGSA,A,1,,,,,,,,,,,,,140.0,99.0,99.0*35
$GNGSA,A,1,,,,,,,,,,,,,140.0,99.0,99.0*2B
$GNGSA,A,1,,,,,,,,,,,,,140.0,99.0,99.0*2B
$QZGSA,A,1,,,,,,,,,,,,,140.0,99.0,99.0*29
$IMGSA,A,1,,,,,,,,,,,,,140.0,99.0,99.0*26
$GPRMC,204343.93,V,,,,,,,050219,,,N*7A
$GPGGA,204344.93,,,,,0,00,999.9,,M,,M,,*69
$GPGSV,3,1,09,26,52,308,21,29,41,062,24,31,41,231,17,25,24,131,15*72
$GPGSV,3,2,09,05,13,044,19,21,77,171,,16,25,310,,20,14,162,*7A
$GPGSV,3,3,09,27,04,268,*4D
$GLGSV,2,1,08,77,72,243,,87,69,317,,88,33,253,,86,28,042,*6D
$GLGSV,2,2,08,76,23,168,,71,12,070,,70,07,023,,72,01,115,*60
$QZGSV,1,1,01,01,00,042,*53
$GPGSA,A,1,,,,,,,,,,,,,140.0,99.0,99.0*35
$GNGSA,A,1,,,,,,,,,,,,,140.0,99.0,99.0*2B
$GNGSA,A,1,,,,,,,,,,,,,140.0,99.0,99.0*2B
$QZGSA,A,1,,,,,,,,,,,,,140.0,99.0,99.0*29
$IMGSA,A,1,,,,,,,,,,,,,140.0,99.0,99.0*26
$GPRMC,204344.93,V,,,,,,,050219,,,N*7D
$GPGGA,204345.93,,,,,0,00,999.9,,M,,M,,*68
$GPGSV,3,1,09,26,52,308,21,29,41,062,24,31,41,231,16,25,24,131,16*70
$GPGSV,3,2,09,05,13,044,19,21,77,171,,16,25,310,,20,14,162,*7A
$GPGSV,3,3,09,27,04,268,*4D
$GLGSV,2,1,08,77,72,243,,87,69,317,,88,33,253,,86,28,042,*6D
$GLGSV,2,2,08,76,23,168,,71,12,070,,70,07,023,,72,01,114,*61
$QZGSV,1,1,01,01,00,042,*53
$GPGSA,A,1,,,,,,,,,,,,,140.0,99.0,99.0*35
$GNGSA,A,1,,,,,,,,,,,,,140.0,99.0,99.0*2B
$GNGSA,A,1,,,,,,,,,,,,,140.0,99.0,99.0*2B
$QZGSA,A,1,,,,,,,,,,,,,140.0,99.0,99.0*29
$IMGSA,A,1,,,,,,,,,,,,,140.0,99.0,99.0*26
$GPRMC,204345.93,V,,,,,,,050219,,,N*7C
$GPGGA,204346.93,,,,,0,00,999.9,,M,,M,,*6B
$GPGSV,3,1,09,26,52,308,20,29,41,062,24,31,41,231,16,25,24,131,16*71
$GPGSV,3,2,09,05,13,044,19,21,77,171,,16,25,310,,20,14,162,*7A
$GPGSV,3,3,09,27,04,268,*4D
$GLGSV,2,1,08,77,72,243,,87,69,318,,88,33,253,,86,28,042,*62
$GLGSV,2,2,08,76,23,168,,71,12,070,,70,07,023,,72,01,114,*61
$QZGSV,1,1,01,01,00,042,*53
$GPGSA,A,1,,,,,,,,,,,,,140.0,99.0,99.0*35
$GNGSA,A,1,,,,,,,,,,,,,140.0,99.0,99.0*2B
$GNGSA,A,1,,,,,,,,,,,,,140.0,99.0,99.0*2B
$QZGSA,A,1,,,,,,,,,,,,,140.0,99.0,99.0*29
$IMGSA,A,1,,,,,,,,,,,,,140.0,99.0,99.0*26
$GPRMC,204346.93,V,,,,,,,050219,,,N*7F
$GPGGA,204352.89,,,,,0,00,999.9,,M,,M,,*65
$GPGSV,3,1,09,21,77,171,17,26,52,308,18,31,41,231,16,29,41,062,28*71
$GPGSV,3,2,09,25,24,131,16,05,13,044,23,16,25,310,,20,14,162,*72
$GPGSV,3,3,09,27,04,268,*4D
$GLGSV,2,1,08,77,72,243,,87,69,318,,88,33,253,,86,28,042,*62
$GLGSV,2,2,08,76,23,168,,71,12,070,,70,07,022,,72,01,114,*60
$QZGSV,1,1,01,01,00,042,*53
$GPGSA,A,1,,,,,,,,,,,,,140.0,99.0,99.0*35
$GNGSA,A,1,,,,,,,,,,,,,140.0,99.0,99.0*2B
$GNGSA,A,1,,,,,,,,,,,,,140.0,99.0,99.0*2B
$QZGSA,A,1,,,,,,,,,,,,,140.0,99.0,99.0*29
$IMGSA,A,1,,,,,,,,,,,,,140.0,99.0,99.0*26
$GPRMC,204352.89,V,,,,,,,050219,,,N*71
$GPGGA,204353.89,,,,,0,00,999.9,,M,,M,,*64
$GPGSV,3,1,09,21,77,171,17,26,52,308,18,31,41,231,16,29,41,062,28*71
$GPGSV,3,2,09,25,24,131,16,05,13,044,23,16,25,310,,20,14,162,*72
$GPGSV,3,3,09,27,04,268,*4D
$GLGSV,2,1,08,77,72,243,,87,69,318,,88,33,253,,86,28,042,*62
$GLGSV,2,2,08,76,23,168,,71,12,070,,70,07,022,,72,01,114,*60
$QZGSV,1,1,01,01,00,042,*53
$GPGSA,A,1,,,,,,,,,,,,,140.0,99.0,99.0*35
$GNGSA,A,1,,,,,,,,,,,,,140.0,99.0,99.0*2B
$GNGSA,A,1,,,,,,,,,,,,,140.0,99.0,99.0*2B
$QZGSA,A,1,,,,,,,,,,,,,140.0,99.0,99.0*29
$IMGSA,A,1,,,,,,,,,,,,,140.0,99.0,99.0*26
$GPRMC,204353.89,V,,,,,,,050219,,,N*70
$GPGGA,204354.89,,,,,0,00,999.9,,M,,M,,*63
$GPGSV,3,1,09,21,77,171,17,26,52,308,18,31,41,231,16,29,41,062,28*71
$GPGSV,3,2,09,25,24,131,16,05,13,044,23,16,25,310,,20,14,162,*72
$GPGSV,3,3,09,27,04,268,*4D
$GLGSV,2,1,08,77,72,243,,87,69,318,,88,33,253,,86,28,042,*62
$GLGSV,2,2,08,76,23,168,,71,12,070,,70,07,022,,72,01,114,*60
$QZGSV,1,1,01,01,00,042,*53
$GPGSA,A,1,,,,,,,,,,,,,140.0,99.0,99.0*35
$GNGSA,A,1,,,,,,,,,,,,,140.0,99.0,99.0*2B
$GNGSA,A,1,,,,,,,,,,,,,140.0,99.0,99.0*2B
$QZGSA,A,1,,,,,,,,,,,,,140.0,99.0,99.0*29
$IMGSA,A,1,,,,,,,,,,,,,140.0,99.0,99.0*26
$GPRMC,204354.89,V,,,,,,,050219,,,N*77
$GPGGA,204355.89,,,,,0,00,999.9,,M,,M,,*62
$GPGSV,3,1,09,21,77,171,17,26,52,308,18,31,41,231,16,29,41,062,28*71
$GPGSV,3,2,09,25,24,131,16,05,13,044,23,16,25,310,,20,14,162,*72
$GPGSV,3,3,09,27,04,268,*4D
$GLGSV,2,1,08,77,72,243,,87,69,318,,88,33,253,,86,28,042,*62
$GLGSV,2,2,08,76,23,168,,71,12,070,,70,07,022,,72,01,114,*60
$QZGSV,1,1,01,01,00,042,*53
$GPGSA,A,1,,,,,,,,,,,,,140.0,99.0,99.0*35
$GNGSA,A,1,,,,,,,,,,,,,140.0,99.0,99.0*2B
$GNGSA,A,1,,,,,,,,,,,,,140.0,99.0,99.0*2B
$QZGSA,A,1,,,,,,,,,,,,,140.0,99.0,99.0*29
$IMGSA,A,1,,,,,,,,,,,,,140.0,99.0,99.0*26
$GPRMC,204355.89,V,,,,,,,050219,,,N*76
$GPGGA,204356.89,,,,,0,00,999.9,,M,,M,,*61
$GPGSV,3,1,09,21,78,171,17,26,52,308,17,31,41,231,16,29,41,062,28*71
$GPGSV,3,2,09,25,24,131,16,05,13,044,23,16,25,310,,20,14,162,*72
$GPGSV,3,3,09,27,04,268,*4D
$GLGSV,2,1,08,77,72,243,,87,69,318,,88,33,253,,86,28,042,*62
$GLGSV,2,2,08,76,23,168,,71,12,070,,70,07,022,,72,01,114,*60
$QZGSV,1,1,01,01,00,042,*53
$GPGSA,A,1,,,,,,,,,,,,,140.0,99.0,99.0*35
$GNGSA,A,1,,,,,,,,,,,,,140.0,99.0,99.0*2B
$GNGSA,A,1,,,,,,,,,,,,,140.0,99.0,99.0*2B
$QZGSA,A,1,,,,,,,,,,,,,140.0,99.0,99.0*29
$IMGSA,A,1,,,,,,,,,,,,,140.0,99.0,99.0*26
$GPRMC,204356.89,V,,,,,,,050219,,,N*75
$GPGGA,204357.89,,,,,0,00,999.9,,M,,M,,*60
$GPGSV,3,1,09,21,78,171,16,26,52,308,20,31,41,231,16,29,41,062,27*7B
$GPGSV,3,2,09,25,24,131,16,05,13,044,23,16,25,310,,20,14,162,*72
$GPGSV,3,3,09,27,04,268,*4D
$GLGSV,2,1,08,77,72,243,,87,69,318,,88,33,253,,86,28,042,*62
$GLGSV,2,2,08,76,23,168,,71,12,070,,70,07,022,,72,01,114,*60
$QZGSV,1,1,01,01,00,042,*53
$GPGSA,A,1,,,,,,,,,,,,,140.0,99.0,99.0*35
$GNGSA,A,1,,,,,,,,,,,,,140.0,99.0,99.0*2B
$GNGSA,A,1,,,,,,,,,,,,,140.0,99.0,99.0*2B
$QZGSA,A,1,,,,,,,,,,,,,140.0,99.0,99.0*29
$IMGSA,A,1,,,,,,,,,,,,,140.0,99.0,99.0*26
$GPRMC,204357.89,V,,,,,,,050219,,,N*74
$GPGGA,204358.89,,,,,0,00,999.9,,M,,M,,*6F
$GPGSV,3,1,09,21,78,171,16,26,52,308,21,31,41,231,18,29,41,062,27*74
$GPGSV,3,2,09,25,23,131,16,05,13,044,23,16,25,310,,20,14,162,*75
$GPGSV,3,3,09,27,04,268,*4D
$GLGSV,2,1,08,77,72,243,,87,69,318,,88,33,253,,86,28,042,*62
$GLGSV,2,2,08,76,23,168,,71,12,070,,70,07,022,,72,01,114,*60
$QZGSV,1,1,01,01,00,042,*53
$GPGSA,A,1,,,,,,,,,,,,,140.0,99.0,99.0*35
$GNGSA,A,1,,,,,,,,,,,,,140.0,99.0,99.0*2B
$GNGSA,A,1,,,,,,,,,,,,,140.0,99.0,99.0*2B
$QZGSA,A,1,,,,,,,,,,,,,140.0,99.0,99.0*29
$IMGSA,A,1,,,,,,,,,,,,,140.0,99.0,99.0*26
$GPRMC,204358.89,V,,,,,,,050219,,,N*7B
$GPGGA,204359.89,,,,,0,00,999.9,,M,,M,,*6E
$GPGSV,3,1,09,21,78,171,16,26,52,308,21,31,41,231,18,29,41,062,27*74
$GPGSV,3,2,09,25,23,131,16,05,13,044,22,16,25,310,,20,14,162,*74
$GPGSV,3,3,09,27,04,268,*4D
$GLGSV,2,1,08,77,72,243,,87,69,318,,88,33,253,,86,28,042,*62
$GLGSV,2,2,08,76,23,168,,71,12,070,,70,07,022,,72,01,114,*60
$QZGSV,1,1,01,01,00,042,*53
$GPGSA,A,1,,,,,,,,,,,,,140.0,99.0,99.0*35
$GNGSA,A,1,,,,,,,,,,,,,140.0,99.0,99.0*2B
$GNGSA,A,1,,,,,,,,,,,,,140.0,99.0,99.0*2B
$QZGSA,A,1,,,,,,,,,,,,,140.0,99.0,99.0*29
$IMGSA,A,1,,,,,,,,,,,,,140.0,99.0,99.0*26
$GPRMC,204359.89,V,,,,,,,050219,,,N*7A
$GPGGA,204400.89,,,,,0,00,999.9,,M,,M,,*65
$GPGSV,3,1,09,21,78,171,16,26,52,308,22,31,41,231,17,29,41,062,26*79
$GPGSV,3,2,09,25,23,131,16,05,13,044,22,16,25,310,,20,14,162,*74
$GPGSV,3,3,09,27,04,268,*4D
$GLGSV,2,1,08,77,72,243,,87,69,318,,88,33,253,,86,28,042,*62
$GLGSV,2,2,08,76,23,168,,71,12,070,,70,07,022,,72,01,114,*60
$QZGSV,1,1,01,01,00,042,*53
$GPGSA,A,1,,,,,,,,,,,,,140.0,99.0,99.0*35
$GNGSA,A,1,,,,,,,,,,,,,140.0,99.0,99.0*2B
$GNGSA,A,1,,,,,,,,,,,,,140.0,99.0,99.0*2B
$QZGSA,A,1,,,,,,,,,,,,,140.0,99.0,99.0*29
$IMGSA,A,1,,,,,,,,,,,,,140.0,99.0,99.0*26
$GPRMC,204400.89,V,,,,,,,050219,,,N*71
$GPGGA,204401.89,,,,,0,00,999.9,,M,,M,,*64
$GPGSV,3,1,09,21,78,171,16,26,52,308,22,31,41,231,17,29,41,062,26*79
$GPGSV,3,2,09,25,23,131,16,05,13,044,21,16,25,310,,20,14,162,*77
$GPGSV,3,3,09,27,04,268,*4D
$GLGSV,2,1,08,77,72,243,,87,69,318,,88,33,253,,86,28,042,*62
$GLGSV,2,2,08,76,23,168,,71,12,070,,70,07,022,,72,01,114,*60
$QZGSV,1,1,01,01,00,042,*53
$GPGSA,A,1,,,,,,,,,,,,,140.0,99.0,99.0*35
$GNGSA,A,1,,,,,,,,,,,,,140.0,99.0,99.0*2B
$GNGSA,A,1,,,,,,,,,,,,,140.0,99.0,99.0*2B
$QZGSA,A,1,,,,,,,,,,,,,140.0,99.0,99.0*29
$IMGSA,A,1,,,,,,,,,,,,,140.0,99.0,99.0*26
$GPRMC,204401.89,V,,,,,,,050219,,,N*70
$GPGGA,204402.89,,,,,0,00,999.9,,M,,M,,*67
$GPGSV,3,1,09,21,78,171,15,26,52,308,21,31,41,231,17,29,41,062,25*7A
$GPGSV,3,2,09,25,23,131,16,05,13,044,21,16,25,310,,20,14,162,*77
$GPGSV,3,3,09,27,04,268,*4D
$GLGSV,2,1,08,77,72,243,,87,69,318,,88,33,253,,86,28,042,*62
$GLGSV,2,2,08,76,23,168,,71,12,070,,70,07,022,,72,01,114,*60
$QZGSV,1,1,01,01,00,042,*53
$GPGSA,A,1,,,,,,,,,,,,,140.0,99.0,99.0*35
$GNGSA,A,1,,,,,,,,,,,,,140.0,99.0,99.0*2B
$GNGSA,A,1,,,,,,,,,,,,,140.0,99.0,99.0*2B
$QZGSA,A,1,,,,,,,,,,,,,140.0,99.0,99.0*29
$IMGSA,A,1,,,,,,,,,,,,,140.0,99.0,99.0*26
$GPRMC,204402.89,V,,,,,,,050219,,,N*73
$GPGGA,204403.89,,,,,0,00,999.9,,M,,M,,*66
$GPGSV,3,1,09,21,78,170,15,26,52,308,21,31,41,231,17,29,41,063,25*7A
$GPGSV,3,2,09,25,23,131,16,05,13,044,20,16,25,310,,20,14,162,*76
$GPGSV,3,3,09,27,04,268,*4D
$GLGSV,2,1,08,77,72,243,,87,69,318,,88,33,253,,86,28,042,*62
$GLGSV,2,2,08,76,23,168,,71,12,070,,70,07,022,,72,01,114,*60
$QZGSV,1,1,01,01,00,042,*53
$GPGSA,A,1,,,,,,,,,,,,,140.0,99.0,99.0*35
$GNGSA,A,1,,,,,,,,,,,,,140.0,99.0,99.0*2B
$GNGSA,A,1,,,,,,,,,,,,,140.0,99.0,99.0*2B
$QZGSA,A,1,,,,,,,,,,,,,140.0,99.0,99.0*29
$IMGSA,A,1,,,,,,,,,,,,,140.0,99.0,99.0*26
$GPRMC,204403.89,V,,,,,,,050219,,,N*72
$GPGGA,204404.89,,,,,0,00,999.9,,M,,M,,*61
$GPGSV,3,1,09,21,78,170,15,26,52,308,21,31,41,231,16,29,41,063,25*7B
$GPGSV,3,2,09,25,23,131,16,05,13,044,20,16,25,310,,20,14,162,*76
$GPGSV,3,3,09,27,04,268,*4D
$GLGSV,2,1,08,77,72,243,,87,69,318,,88,33,253,,86,28,042,*62
$GLGSV,2,2,08,76,23,168,,71,12,070,,70,07,022,,72,01,114,*60
$QZGSV,1,1,01,01,00,042,*53
$GPGSA,A,1,,,,,,,,,,,,,140.0,99.0,99.0*35
$GNGSA,A,1,,,,,,,,,,,,,140.0,99.0,99.0*2B
$GNGSA,A,1,,,,,,,,,,,,,140.0,99.0,99.0*2B
$QZGSA,A,1,,,,,,,,,,,,,140.0,99.0,99.0*29
$IMGSA,A,1,,,,,,,,,,,,,140.0,99.0,99.0*26
$GPRMC,204404.89,V,,,,,,,050219,,,N*75
$GPGGA,204405.92,4204.338703,N,01217.492918,E,1,05,9.6,167.7,M,45.4,M,,*6C
$GPGSV,3,1,09,21,78,170,15,26,52,308,21,31,41,231,16,29,41,063,25*7B
$GPGSV,3,2,09,25,23,131,16,05,13,044,19,16,25,310,,20,14,162,*7C
$GPGSV,3,3,09,27,04,268,*4D
$GLGSV,2,1,08,77,72,243,,87,69,318,,88,33,253,,86,28,042,*62
$GLGSV,2,2,08,76,23,168,,71,12,070,,70,07,022,,72,01,114,*60
$QZGSV,1,1,01,01,00,042,*53
$GPGSA,A,3,05,21,25,26,29,,,,,,,,3.1,1.8,2.6*33
$GNGSA,A,3,05,21,25,26,29,,,,,,,,3.1,1.8,2.6*2D
$GNGSA,A,3,,,,,,,,,,,,,3.1,1.8,2.6*23
$QZGSA,A,3,,,,,,,,,,,,,3.1,1.8,2.6*21
$IMGSA,A,3,,,,,,,,,,,,,3.1,1.8,2.6*2E
$GPRMC,204405.92,A,4204.338703,N,01217.492918,E,001.3,,050219,,,A*75
$GPGGA,204406.92,,,,,0,00,999.9,,M,,M,,*69
$GPGSV,3,1,09,21,78,170,15,26,52,308,21,31,41,231,16,29,41,063,24*7A
$GPGSV,3,2,09,25,23,131,16,05,13,044,19,16,25,310,,20,14,162,*7C
$GPGSV,3,3,09,27,04,268,*4D
$GLGSV,2,1,08,77,72,243,,87,69,318,,88,33,253,,86,28,042,*62
$GLGSV,2,2,08,76,23,168,,71,12,070,,70,07,022,,72,01,114,*60
$QZGSV,1,1,01,01,00,042,*53
$GPGSA,A,1,,,,,,,,,,,,,140.0,99.0,99.0*35
$GNGSA,A,1,,,,,,,,,,,,,140.0,99.0,99.0*2B
$GNGSA,A,1,,,,,,,,,,,,,140.0,99.0,99.0*2B
$QZGSA,A,1,,,,,,,,,,,,,140.0,99.0,99.0*29
$IMGSA,A,1,,,,,,,,,,,,,140.0,99.0,99.0*26
$GPRMC,204406.92,V,,,,,,,050219,,,N*7D
$GPGGA,204407.92,4204.332638,N,01217.484496,E,1,05,9.6,156.7,M,45.4,M,,*63
$GPGSV,3,1,09,21,78,170,15,26,52,308,21,31,41,231,16,29,41,063,24*7A
$GPGSV,3,2,09,25,23,131,16,05,13,044,19,16,25,310,,20,14,162,*7C
$GPGSV,3,3,09,27,04,268,*4D
$GLGSV,2,1,08,77,72,243,,87,69,318,,88,33,253,,86,28,042,*62
$GLGSV,2,2,08,76,23,168,,71,12,070,,70,07,022,,72,01,114,*60
$QZGSV,1,1,01,01,00,042,*53
$GPGSA,A,3,05,21,25,26,29,,,,,,,,3.1,1.8,2.6*33
$GNGSA,A,3,05,21,25,26,29,,,,,,,,3.1,1.8,2.6*2D
$GNGSA,A,3,,,,,,,,,,,,,3.1,1.8,2.6*23
$QZGSA,A,3,,,,,,,,,,,,,3.1,1.8,2.6*21
$IMGSA,A,3,,,,,,,,,,,,,3.1,1.8,2.6*2E
$GPRMC,204407.92,A,4204.332638,N,01217.484496,E,001.2,,050219,,,A*79
$GPGGA,204408.92,4204.330610,N,01217.482271,E,1,05,9.6,157.8,M,45.4,M,,*63
$GPGSV,3,1,09,21,78,170,15,26,52,308,20,31,41,231,16,29,41,063,23*7C
$GPGSV,3,2,09,25,23,131,16,05,13,044,18,16,25,310,,20,14,162,*7D
$GPGSV,3,3,09,27,04,268,*4D
$GLGSV,2,1,08,77,72,243,,87,69,318,,88,33,253,,86,28,042,*62
$GLGSV,2,2,08,76,23,168,,71,12,070,,70,07,022,,72,01,114,*60
$QZGSV,1,1,01,01,00,042,*53
$GPGSA,A,3,05,21,25,26,29,,,,,,,,3.1,1.8,2.6*33
$GNGSA,A,3,05,21,25,26,29,,,,,,,,3.1,1.8,2.6*2D
$GNGSA,A,3,,,,,,,,,,,,,3.1,1.8,2.6*23
$QZGSA,A,3,,,,,,,,,,,,,3.1,1.8,2.6*21
$IMGSA,A,3,,,,,,,,,,,,,3.1,1.8,2.6*2E
$GPRMC,204408.92,A,4204.330610,N,01217.482271,E,001.7,,050219,,,A*72
$GPGGA,204409.92,,,,,0,00,999.9,,M,,M,,*66
$GPGSV,3,1,09,21,78,170,15,26,52,308,20,31,41,231,16,29,41,063,22*7D
$GPGSV,3,2,09,25,23,131,16,05,13,044,18,16,25,310,,20,14,162,*7D
$GPGSV,3,3,09,27,04,268,*4D
$GLGSV,2,1,08,77,72,243,,87,69,318,,88,33,253,,86,28,042,*62
$GLGSV,2,2,08,76,23,168,,71,12,070,,70,07,022,,72,01,114,*60
$QZGSV,1,1,01,01,00,042,*53
$GPGSA,A,1,,,,,,,,,,,,,140.0,99.0,99.0*35
$GNGSA,A,1,,,,,,,,,,,,,140.0,99.0,99.0*2B
$GNGSA,A,1,,,,,,,,,,,,,140.0,99.0,99.0*2B
$QZGSA,A,1,,,,,,,,,,,,,140.0,99.0,99.0*29
$IMGSA,A,1,,,,,,,,,,,,,140.0,99.0,99.0*26
$GPRMC,204409.92,V,,,,,,,050219,,,N*72
$GPGGA,204410.92,,,,,0,00,999.9,,M,,M,,*6E
$GPGSV,3,1,09,21,78,170,15,26,52,308,20,31,41,231,15,29,41,063,21*7D
$GPGSV,3,2,09,25,23,131,16,05,13,044,17,16,25,310,,20,14,162,*72
$GPGSV,3,3,09,27,04,268,*4D
$GLGSV,2,1,08,77,72,243,,87,69,318,,88,33,253,,86,28,042,*62
$GLGSV,2,2,08,76,23,168,,71,12,070,,70,07,022,,72,01,114,*60
$QZGSV,1,1,01,01,00,042,*53
$GPGSA,A,1,,,,,,,,,,,,,140.0,99.0,99.0*35
$GNGSA,A,1,,,,,,,,,,,,,140.0,99.0,99.0*2B
$GNGSA,A,1,,,,,,,,,,,,,140.0,99.0,99.0*2B
$QZGSA,A,1,,,,,,,,,,,,,140.0,99.0,99.0*29
$IMGSA,A,1,,,,,,,,,,,,,140.0,99.0,99.0*26
$GPRMC,204410.92,V,,,,,,,050219,,,N*7A
$GPGGA,204411.92,,,,,0,00,999.9,,M,,M,,*6F
$GPGSV,3,1,09,21,78,170,14,26,52,308,19,31,41,231,15,29,41,063,21*76
$GPGSV,3,2,09,25,23,131,16,05,13,044,17,16,25,310,,20,14,162,*72
$GPGSV,3,3,09,27,04,268,*4D
$GLGSV,2,1,08,77,72,243,,87,69,318,,88,33,253,,86,28,042,*62
$GLGSV,2,2,08,76,23,168,,71,12,070,,70,07,022,,72,01,114,*60
$QZGSV,1,1,01,01,00,042,*53
$GPGSA,A,1,,,,,,,,,,,,,140.0,99.0,99.0*35
$GNGSA,A,1,,,,,,,,,,,,,140.0,99.0,99.0*2B
$GNGSA,A,1,,,,,,,,,,,,,140.0,99.0,99.0*2B
$QZGSA,A,1,,,,,,,,,,,,,140.0,99.0,99.0*29
$IMGSA,A,1,,,,,,,,,,,,,140.0,99.0,99.0*26
$GPRMC,204411.92,V,,,,,,,050219,,,N*7B
$GPGGA,204412.92,,,,,0,00,999.9,,M,,M,,*6C
$GPGSV,3,1,09,21,78,170,14,26,52,308,19,31,41,231,15,29,41,063,20*77
$GPGSV,3,2,09,25,23,131,16,05,13,044,17,16,25,310,,20,14,162,*72
$GPGSV,3,3,09,27,04,268,*4D
$GLGSV,2,1,08,77,72,243,,87,69,318,,88,33,253,,86,28,042,*62
$GLGSV,2,2,08,76,23,168,,71,12,070,,70,07,022,,72,01,114,*60
$QZGSV,1,1,01,01,00,042,*53
$GPGSA,A,1,,,,,,,,,,,,,140.0,99.0,99.0*35
$GNGSA,A,1,,,,,,,,,,,,,140.0,99.0,99.0*2B
$GNGSA,A,1,,,,,,,,,,,,,140.0,99.0,99.0*2B
$QZGSA,A,1,,,,,,,,,,,,,140.0,99.0,99.0*29
$IMGSA,A,1,,,,,,,,,,,,,140.0,99.0,99.0*26
$GPRMC,204412.92,V,,,,,,,050219,,,N*78
$GPGGA,204413.92,,,,,0,00,999.9,,M,,M,,*6D
$GPGSV,3,1,09,21,78,170,14,26,52,308,19,31,41,231,15,29,41,063,20*77
$GPGSV,3,2,09,25,23,131,16,05,13,044,17,16,25,310,,20,14,162,*72
$GPGSV,3,3,09,27,04,268,*4D
$GLGSV,2,1,08,77,72,243,,87,69,318,,88,33,253,,86,28,042,*62
$GLGSV,2,2,08,76,23,168,,71,12,070,,70,07,022,,72,01,114,*60
$QZGSV,1,1,01,01,00,042,*53
$GPGSA,A,1,,,,,,,,,,,,,140.0,99.0,99.0*35
$GNGSA,A,1,,,,,,,,,,,,,140.0,99.0,99.0*2B
$GNGSA,A,1,,,,,,,,,,,,,140.0,99.0,99.0*2B
$QZGSA,A,1,,,,,,,,,,,,,140.0,99.0,99.0*29
$IMGSA,A,1,,,,,,,,,,,,,140.0,99.0,99.0*26
$GPRMC,204413.92,V,,,,,,,050219,,,N*79
$GPGGA,204414.92,,,,,0,00,999.9,,M,,M,,*6A
$GPGSV,3,1,09,21,78,170,14,26,52,308,19,31,41,231,15,29,41,063,19*7D
$GPGSV,3,2,09,25,23,131,21,05,13,044,17,16,25,310,,20,14,162,*76
$GPGSV,3,3,09,27,04,268,*4D
$GLGSV,2,1,08,77,72,243,,87,69,318,,88,33,253,,86,28,042,*62
$GLGSV,2,2,08,76,23,168,,71,12,070,,70,07,022,,72,01,114,*60
$QZGSV,1,1,01,01,00,042,*53
$GPGSA,A,1,,,,,,,,,,,,,140.0,99.0,99.0*35
$GNGSA,A,1,,,,,,,,,,,,,140.0,99.0,99.0*2B
$GNGSA,A,1,,,,,,,,,,,,,140.0,99.0,99.0*2B
$QZGSA,A,1,,,,,,,,,,,,,140.0,99.0,99.0*29
$IMGSA,A,1,,,,,,,,,,,,,140.0,99.0,99.0*26
$GPRMC,204414.92,V,,,,,,,050219,,,N*7E
$GPGGA,204415.92,,,,,0,00,999.9,,M,,M,,*6B
$GPGSV,3,1,09,21,78,170,14,26,52,308,18,31,41,231,15,29,41,063,19*7C
$GPGSV,3,2,09,25,23,131,21,05,13,044,16,16,25,310,,20,14,162,*77
$GPGSV,3,3,09,27,04,268,*4D
$GLGSV,2,1,08,77,72,243,,87,69,318,,88,33,253,,86,28,042,*62
$GLGSV,2,2,08,76,23,168,,71,12,070,,70,07,022,,72,01,114,*60
$QZGSV,1,1,01,01,00,042,*53
$GPGSA,A,1,,,,,,,,,,,,,140.0,99.0,99.0*35
$GNGSA,A,1,,,,,,,,,,,,,140.0,99.0,99.0*2B
$GNGSA,A,1,,,,,,,,,,,,,140.0,99.0,99.0*2B
$QZGSA,A,1,,,,,,,,,,,,,140.0,99.0,99.0*29
$IMGSA,A,1,,,,,,,,,,,,,140.0,99.0,99.0*26
$GPRMC,204415.92,V,,,,,,,050219,,,N*7F
$GPGGA,204416.92,,,,,0,00,999.9,,M,,M,,*68
$GPGSV,3,1,09,21,78,170,14,26,52,308,17,31,41,231,15,29,41,063,18*72
$GPGSV,3,2,09,25,23,131,20,05,13,044,16,16,25,310,,20,14,162,*76
$GPGSV,3,3,09,27,04,268,*4D
$GLGSV,2,1,08,77,72,243,,87,69,318,,88,33,253,,86,28,042,*62
$GLGSV,2,2,08,76,23,168,,71,12,069,,70,07,022,,72,01,114,*68
$QZGSV,1,1,01,01,00,042,*53
$GPGSA,A,1,,,,,,,,,,,,,140.0,99.0,99.0*35
$GNGSA,A,1,,,,,,,,,,,,,140.0,99.0,99.0*2B
$GNGSA,A,1,,,,,,,,,,,,,140.0,99.0,99.0*2B
$QZGSA,A,1,,,,,,,,,,,,,140.0,99.0,99.0*29
$IMGSA,A,1,,,,,,,,,,,,,140.0,99.0,99.0*26
$GPRMC,204416.92,V,,,,,,,050219,,,N*7C
$GPGGA,204417.92,4204.330005,N,01217.476986,E,1,04,9.6,155.0,M,45.4,M,,*6C
$GPGSV,3,1,09,21,78,170,14,26,52,308,17,31,41,231,14,29,41,063,18*73
$GPGSV,3,2,09,25,23,131,20,05,13,044,16,16,25,310,,20,14,162,*76
$GPGSV,3,3,09,27,04,268,*4D
$GLGSV,2,1,08,77,72,242,,87,69,318,,88,33,253,,86,28,042,*63
$GLGSV,2,2,08,76,23,168,,71,12,069,,70,07,022,,72,01,114,*68
$QZGSV,1,1,01,01,00,042,*53
$GPGSA,A,3,05,25,26,29,,,,,,,,,3.8,1.8,3.3*3D
$GNGSA,A,3,05,25,26,29,,,,,,,,,3.8,1.8,3.3*23
$GNGSA,A,3,,,,,,,,,,,,,3.8,1.8,3.3*2E
$QZGSA,A,3,,,,,,,,,,,,,3.8,1.8,3.3*2C
$IMGSA,A,3,,,,,,,,,,,,,3.8,1.8,3.3*23
$GPRMC,204417.92,A,4204.330005,N,01217.476986,E,001.8,,050219,,,A*79
$GPGGA,204418.92,4204.331558,N,01217.476609,E,1,04,12.8,155.7,M,45.4,M,,*54
$GPGSV,3,1,09,21,78,170,13,26,52,308,17,31,41,231,14,29,41,063,21*7E
$GPGSV,3,2,09,25,23,131,19,05,13,044,16,16,25,310,,20,14,162,*7C
$GPGSV,3,3,09,27,04,268,*4D
$GLGSV,2,1,08,77,72,242,,87,69,318,,88,33,253,,86,28,042,*63
$GLGSV,2,2,08,76,23,168,,71,12,069,,70,07,022,,72,01,114,*68
$QZGSV,1,1,01,01,00,042,*53
$GPGSA,A,3,05,25,26,29,,,,,,,,,3.8,1.8,3.3*3D
$GNGSA,A,3,05,25,26,29,,,,,,,,,3.8,1.8,3.3*23
$GNGSA,A,3,,,,,,,,,,,,,3.8,1.8,3.3*2E
$QZGSA,A,3,,,,,,,,,,,,,3.8,1.8,3.3*2C
$IMGSA,A,3,,,,,,,,,,,,,3.8,1.8,3.3*23
$GPRMC,204418.92,A,4204.331558,N,01217.476609,E,002.2,,050219,,,A*7B
$GPGGA,204419.92,4204.333200,N,01217.476990,E,1,04,12.8,158.4,M,45.4,M,,*5C
$GPGSV,3,1,09,21,78,170,13,26,52,308,17,31,41,231,14,29,41,063,21*7E
$GPGSV,3,2,09,25,23,131,19,05,13,044,16,16,25,310,,20,14,162,*7C
$GPGSV,3,3,09,27,04,268,*4D
$GLGSV,2,1,08,77,72,242,,87,69,318,,88,33,253,,86,28,042,*63
$GLGSV,2,2,08,76,23,168,,71,12,069,,70,07,022,,72,01,114,*68
$QZGSV,1,1,01,01,00,042,*53
$GPGSA,A,3,05,25,26,29,,,,,,,,,3.8,1.8,3.3*3D
$GNGSA,A,3,05,25,26,29,,,,,,,,,3.8,1.8,3.3*23
$GNGSA,A,3,,,,,,,,,,,,,3.8,1.8,3.3*2E
$QZGSA,A,3,,,,,,,,,,,,,3.8,1.8,3.3*2C
$IMGSA,A,3,,,,,,,,,,,,,3.8,1.8,3.3*23
$GPRMC,204419.92,A,4204.333200,N,01217.476990,E,002.1,,050219,,,A*7E
$GPGGA,204420.92,,,,,0,00,999.9,,M,,M,,*6D
$GPGSV,3,1,09,21,78,170,13,26,52,308,20,31,41,231,15,29,41,063,21*7B
$GPGSV,3,2,09,25,23,131,19,05,13,044,16,16,25,310,,20,14,162,*7C
$GPGSV,3,3,09,27,04,268,*4D
$GLGSV,2,1,08,77,72,242,,87,69,318,,88,33,253,,86,28,042,*63
$GLGSV,2,2,08,76,23,168,,71,12,069,,70,07,022,,72,01,114,*68
$QZGSV,1,1,01,01,00,042,*53
$GPGSA,A,1,,,,,,,,,,,,,140.0,99.0,99.0*35
$GNGSA,A,1,,,,,,,,,,,,,140.0,99.0,99.0*2B
$GNGSA,A,1,,,,,,,,,,,,,140.0,99.0,99.0*2B
$QZGSA,A,1,,,,,,,,,,,,,140.0,99.0,99.0*29
$IMGSA,A,1,,,,,,,,,,,,,140.0,99.0,99.0*26
$GPRMC,204420.92,V,,,,,,,050219,,,N*79
$GPGGA,204421.92,,,,,0,00,999.9,,M,,M,,*6C
$GPGSV,3,1,09,21,78,170,13,26,52,308,21,31,41,231,14,29,41,063,21*7B
$GPGSV,3,2,09,25,23,131,19,05,13,044,16,16,25,310,,20,14,162,*7C
$GPGSV,3,3,09,27,04,268,*4D
$GLGSV,2,1,08,77,72,242,,87,69,318,,88,33,253,,86,28,042,*63
$GLGSV,2,2,08,76,23,168,,71,12,069,,70,07,022,,72,01,114,*68
$QZGSV,1,1,01,01,00,042,*53
$GPGSA,A,1,,,,,,,,,,,,,140.0,99.0,99.0*35
$GNGSA,A,1,,,,,,,,,,,,,140.0,99.0,99.0*2B
$GNGSA,A,1,,,,,,,,,,,,,140.0,99.0,99.0*2B
$QZGSA,A,1,,,,,,,,,,,,,140.0,99.0,99.0*29
$IMGSA,A,1,,,,,,,,,,,,,140.0,99.0,99.0*26
$GPRMC,204421.92,V,,,,,,,050219,,,N*78
$GPGGA,204422.92,,,,,0,00,999.9,,M,,M,,*6F
$GPGSV,3,1,09,21,78,170,13,26,52,308,23,31,41,231,14,29,41,063,20*78
$GPGSV,3,2,09,25,23,131,19,05,13,044,16,16,25,310,,20,14,162,*7C
$GPGSV,3,3,09,27,04,268,*4D
$GLGSV,2,1,08,77,72,242,,87,69,318,,88,33,253,,86,28,042,*63
$GLGSV,2,2,08,76,23,168,,71,12,069,,70,07,022,,72,01,114,*68
$QZGSV,1,1,01,01,00,042,*53
$GPGSA,A,1,,,,,,,,,,,,,140.0,99.0,99.0*35
$GNGSA,A,1,,,,,,,,,,,,,140.0,99.0,99.0*2B
$GNGSA,A,1,,,,,,,,,,,,,140.0,99.0,99.0*2B
$QZGSA,A,1,,,,,,,,,,,,,140.0,99.0,99.0*29
$IMGSA,A,1,,,,,,,,,,,,,140.0,99.0,99.0*26
$GPRMC,204422.92,V,,,,,,,050219,,,N*7B
$GPGGA,204423.92,,,,,0,00,999.9,,M,,M,,*6E
$GPGSV,3,1,09,21,78,170,,26,52,308,24,31,41,231,14,29,41,063,20*7D
$GPGSV,3,2,09,25,23,131,19,05,13,044,16,16,25,310,,20,14,162,*7C
$GPGSV,3,3,09,27,04,268,*4D
$GLGSV,2,1,08,77,72,242,,87,69,318,,88,33,253,,86,28,042,*63
$GLGSV,2,2,08,76,23,168,,71,12,069,,70,07,022,,72,01,114,*68
$QZGSV,1,1,01,01,00,042,*53
$GPGSA,A,1,,,,,,,,,,,,,140.0,99.0,99.0*35
$GNGSA,A,1,,,,,,,,,,,,,140.0,99.0,99.0*2B
$GNGSA,A,1,,,,,,,,,,,,,140.0,99.0,99.0*2B
$QZGSA,A,1,,,,,,,,,,,,,140.0,99.0,99.0*29
$IMGSA,A,1,,,,,,,,,,,,,140.0,99.0,99.0*26
$GPRMC,204423.92,V,,,,,,,050219,,,N*7A
$GPGGA,204424.92,4204.335551,N,01217.477076,E,1,04,12.8,159.1,M,45.4,M,,*53
$GPGSV,3,1,09,21,78,170,,26,52,308,24,31,41,231,14,29,41,063,20*7D
$GPGSV,3,2,09,25,23,131,19,05,13,044,19,16,25,310,,20,14,162,*73
$GPGSV,3,3,09,27,04,268,*4D
$GLGSV,2,1,08,77,72,242,,87,69,319,,88,33,253,,86,28,042,*62
$GLGSV,2,2,08,76,23,168,,71,12,069,,70,07,022,,72,01,114,*68
$QZGSV,1,1,01,01,00,042,*53
$GPGSA,A,3,05,25,26,29,,,,,,,,,3.8,1.8,3.3*3D
$GNGSA,A,3,05,25,26,29,,,,,,,,,3.8,1.8,3.3*23
$GNGSA,A,3,,,,,,,,,,,,,3.8,1.8,3.3*2E
$QZGSA,A,3,,,,,,,,,,,,,3.8,1.8,3.3*2C
$IMGSA,A,3,,,,,,,,,,,,,3.8,1.8,3.3*23
$GPRMC,204424.92,A,4204.335551,N,01217.477076,E,001.5,,050219,,,A*72
$GPGGA,204425.92,4204.335880,N,01217.478302,E,1,04,12.8,161.8,M,45.4,M,,*5E
$GPGSV,3,1,09,26,52,308,24,29,41,063,20,31,41,231,15,25,23,131,19*7B
$GPGSV,3,2,09,05,13,044,19,21,78,170,,16,25,310,,20,14,162,*74
$GPGSV,3,3,09,27,04,268,*4D
$GLGSV,2,1,08,77,72,242,,87,69,319,,88,33,253,,86,28,042,*62
$GLGSV,2,2,08,76,23,168,,71,12,069,,70,07,022,,72,01,114,*68
$QZGSV,1,1,01,01,00,042,*53
$GPGSA,A,3,05,25,26,29,,,,,,,,,3.8,1.8,3.3*3D
$GNGSA,A,3,05,25,26,29,,,,,,,,,3.8,1.8,3.3*23
$GNGSA,A,3,,,,,,,,,,,,,3.8,1.8,3.3*2E
$QZGSA,A,3,,,,,,,,,,,,,3.8,1.8,3.3*2C
$IMGSA,A,3,,,,,,,,,,,,,3.8,1.8,3.3*23
$GPRMC,204425.92,A,4204.335880,N,01217.478302,E,002.8,,050219,,,A*73
$GPGGA,204426.92,,,,,0,00,999.9,,M,,M,,*6B
$GPGSV,3,1,09,26,52,308,23,29,41,063,19,31,41,231,15,25,23,131,19*76
$GPGSV,3,2,09,05,13,044,19,21,78,170,,16,25,310,,20,14,162,*74
$GPGSV,3,3,09,27,04,268,*4D
$GLGSV,2,1,08,77,72,242,,87,69,319,,88,33,253,,86,28,042,*62
$GLGSV,2,2,08,76,23,168,,71,12,069,,70,07,022,,72,01,114,*68
$QZGSV,1,1,01,01,00,042,*53
$GPGSA,A,1,,,,,,,,,,,,,140.0,99.0,99.0*35
$GNGSA,A,1,,,,,,,,,,,,,140.0,99.0,99.0*2B
$GNGSA,A,1,,,,,,,,,,,,,140.0,99.0,99.0*2B
$QZGSA,A,1,,,,,,,,,,,,,140.0,99.0,99.0*29
$IMGSA,A,1,,,,,,,,,,,,,140.0,99.0,99.0*26
$GPRMC,204426.92,V,,,,,,,050219,,,N*7F
$GPGGA,204427.92,4204.335279,N,01217.477076,E,1,04,12.8,163.5,M,45.4,M,,*50
$GPGSV,3,1,09,26,52,308,23,29,41,063,19,31,41,231,15,25,23,131,19*76
$GPGSV,3,2,09,05,13,044,18,21,78,170,,16,25,310,,20,14,162,*75
$GPGSV,3,3,09,27,04,268,*4D
$GLGSV,2,1,08,77,72,242,,87,69,319,,88,33,253,,86,28,042,*62
$GLGSV,2,2,08,76,23,168,,71,12,069,,70,07,022,,72,01,114,*68
$QZGSV,1,1,01,01,00,042,*53
$GPGSA,A,3,05,25,26,29,,,,,,,,,3.8,1.8,3.3*3D
$GNGSA,A,3,05,25,26,29,,,,,,,,,3.8,1.8,3.3*23
$GNGSA,A,3,,,,,,,,,,,,,3.8,1.8,3.3*2E
$QZGSA,A,3,,,,,,,,,,,,,3.8,1.8,3.3*2C
$IMGSA,A,3,,,,,,,,,,,,,3.8,1.8,3.3*23
$GPRMC,204427.92,A,4204.335279,N,01217.477076,E,003.1,,050219,,,A*7A
$GPGGA,204428.92,4204.334284,N,01217.476662,E,1,04,12.8,166.7,M,45.4,M,,*59
$GPGSV,3,1,09,26,52,308,22,29,41,063,19,31,41,231,15,25,23,131,18*76
$GPGSV,3,2,09,05,13,044,18,21,78,170,,16,25,310,,20,14,162,*75
$GPGSV,3,3,09,27,04,268,*4D
$GLGSV,2,1,08,77,72,242,,87,69,319,,88,33,253,,86,28,042,*62
$GLGSV,2,2,08,76,23,168,,71,12,069,,70,07,022,,72,01,114,*68
$QZGSV,1,1,01,01,00,042,*53
$GPGSA,A,3,05,25,26,29,,,,,,,,,3.8,1.8,3.3*3D
$GNGSA,A,3,05,25,26,29,,,,,,,,,3.8,1.8,3.3*23
$GNGSA,A,3,,,,,,,,,,,,,3.8,1.8,3.3*2E
$QZGSA,A,3,,,,,,,,,,,,,3.8,1.8,3.3*2C
$IMGSA,A,3,,,,,,,,,,,,,3.8,1.8,3.3*23
$GPRMC,204428.92,A,4204.334284,N,01217.476662,E,003.3,,050219,,,A*76
$GPGGA,204429.92,,,,,0,00,999.9,,M,,M,,*64
$GPGSV,3,1,09,26,52,308,21,29,41,063,19,31,41,231,15,25,23,131,18*75
$GPGSV,3,2,09,05,13,044,17,21,78,170,,16,25,310,,20,14,162,*7A
$GPGSV,3,3,09,27,05,268,*4C
$GLGSV,2,1,08,77,72,242,,87,69,319,,88,33,253,,86,28,042,*62
$GLGSV,2,2,08,76,22,168,,71,12,069,,70,07,022,,72,01,114,*69
$QZGSV,1,1,01,01,00,042,*53
$GPGSA,A,1,,,,,,,,,,,,,140.0,99.0,99.0*35
$GNGSA,A,1,,,,,,,,,,,,,140.0,99.0,99.0*2B
$GNGSA,A,1,,,,,,,,,,,,,140.0,99.0,99.0*2B
$QZGSA,A,1,,,,,,,,,,,,,140.0,99.0,99.0*29
$IMGSA,A,1,,,,,,,,,,,,,140.0,99.0,99.0*26
$GPRMC,204429.92,V,,,,,,,050219,,,N*70
$GPGGA,204430.92,4204.333030,N,01217.475075,E,1,04,12.8,167.7,M,45.4,M,,*58
$GPGSV,3,1,09,26,52,308,21,29,41,063,19,31,41,231,15,25,23,131,18*75
$GPGSV,3,2,09,05,13,044,17,21,78,170,,16,25,310,,20,14,162,*7A
$GPGSV,3,3,09,27,05,268,*4C
$GLGSV,2,1,08,77,72,242,,87,69,319,,88,33,253,,86,28,042,*62
$GLGSV,2,2,08,76,22,168,,71,12,069,,70,07,022,,72,01,114,*69
$QZGSV,1,1,01,01,00,042,*53
$GPGSA,A,3,05,25,26,29,,,,,,,,,3.8,1.8,3.3*3D
$GNGSA,A,3,05,25,26,29,,,,,,,,,3.8,1.8,3.3*23
$GNGSA,A,3,,,,,,,,,,,,,3.8,1.8,3.3*2E
$QZGSA,A,3,,,,,,,,,,,,,3.8,1.8,3.3*2C
$IMGSA,A,3,,,,,,,,,,,,,3.8,1.8,3.3*23
$GPRMC,204430.92,A,4204.333030,N,01217.475075,E,003.0,,050219,,,A*75
$GPGGA,204431.92,4204.332411,N,01217.474200,E,1,04,12.8,167.4,M,45.4,M,,*5D
$GPGSV,3,1,09,26,52,308,20,29,41,063,18,31,41,231,15,25,23,131,18*75
$GPGSV,3,2,09,05,13,044,18,21,78,170,,16,25,310,,20,14,162,*75
$GPGSV,3,3,09,27,05,268,*4C
$GLGSV,2,1,08,77,72,242,,87,69,319,,88,33,253,,86,28,042,*62
$GLGSV,2,2,08,76,22,168,,71,12,069,,70,07,022,,72,01,114,*69
$QZGSV,1,1,01,01,00,042,*53
$GPGSA,A,3,05,25,26,29,,,,,,,,,3.8,1.8,3.3*3D
$GNGSA,A,3,05,25,26,29,,,,,,,,,3.8,1.8,3.3*23
$GNGSA,A,3,,,,,,,,,,,,,3.8,1.8,3.3*2E
$QZGSA,A,3,,,,,,,,,,,,,3.8,1.8,3.3*2C
$IMGSA,A,3,,,,,,,,,,,,,3.8,1.8,3.3*23
$GPRMC,204431.92,A,4204.332411,N,01217.474200,E,003.7,,050219,,,A*74
$GPGGA,204432.92,,,,,0,00,999.9,,M,,M,,*6E
$GPGSV,3,1,09,26,52,308,20,29,41,063,18,31,41,231,15,25,23,131,17*7A
$GPGSV,3,2,09,05,13,044,18,21,78,170,,16,25,310,,20,14,162,*75
$GPGSV,3,3,09,27,05,268,*4C
$GLGSV,2,1,08,77,72,242,,87,69,319,,88,33,254,,86,28,042,*65
$GLGSV,2,2,08,76,22,168,,71,12,069,,70,07,022,,72,01,114,*69
$QZGSV,1,1,01,01,00,042,*53
$GPGSA,A,1,,,,,,,,,,,,,140.0,99.0,99.0*35
$GNGSA,A,1,,,,,,,,,,,,,140.0,99.0,99.0*2B
$GNGSA,A,1,,,,,,,,,,,,,140.0,99.0,99.0*2B
$QZGSA,A,1,,,,,,,,,,,,,140.0,99.0,99.0*29
$IMGSA,A,1,,,,,,,,,,,,,140.0,99.0,99.0*26
$GPRMC,204432.92,V,,,,,,,050219,,,N*7A
$GPGGA,204433.92,,,,,0,00,999.9,,M,,M,,*6F
$GPGSV,3,1,09,26,52,308,20,29,41,063,20,31,40,231,16,25,23,131,16*72
$GPGSV,3,2,09,05,13,044,18,21,78,170,,16,25,310,,20,14,162,*75
$GPGSV,3,3,09,27,05,268,*4C
$GLGSV,2,1,08,77,72,242,,87,69,319,,88,33,254,,86,28,042,*65
$GLGSV,2,2,08,76,22,168,,71,12,069,,70,07,022,,72,01,114,*69
$QZGSV,1,1,01,01,00,042,*53
$GPGSA,A,1,,,,,,,,,,,,,140.0,99.0,99.0*35
$GNGSA,A,1,,,,,,,,,,,,,140.0,99.0,99.0*2B
$GNGSA,A,1,,,,,,,,,,,,,140.0,99.0,99.0*2B
$QZGSA,A,1,,,,,,,,,,,,,140.0,99.0,99.0*29
$IMGSA,A,1,,,,,,,,,,,,,140.0,99.0,99.0*26
$GPRMC,204433.92,V,,,,,,,050219,,,N*7B
$GPGGA,204434.92,4204.330087,N,01217.472461,E,1,04,12.8,166.3,M,45.4,M,,*50
$GPGSV,3,1,09,26,52,308,19,29,41,063,20,31,40,231,16,25,23,131,16*78
$GPGSV,3,2,09,05,13,044,20,21,78,170,,16,25,310,,20,14,162,*7E
$GPGSV,3,3,09,27,05,268,*4C
$GLGSV,2,1,08,77,72,242,,87,69,319,,88,33,254,,86,28,042,*65
$GLGSV,2,2,08,76,22,168,,71,12,069,,70,07,022,,72,01,114,*69
$QZGSV,1,1,01,01,00,042,*53
$GPGSA,A,3,05,25,26,29,,,,,,,,,3.8,1.8,3.3*3D
$GNGSA,A,3,05,25,26,29,,,,,,,,,3.8,1.8,3.3*23
$GNGSA,A,3,,,,,,,,,,,,,3.8,1.8,3.3*2E
$QZGSA,A,3,,,,,,,,,,,,,3.8,1.8,3.3*2C
$IMGSA,A,3,,,,,,,,,,,,,3.8,1.8,3.3*23
$GPRMC,204434.92,A,4204.330087,N,01217.472461,E,002.8,,050219,,,A*71
$GPGGA,204435.92,4204.329505,N,01217.472443,E,1,04,12.8,165.3,M,45.4,M,,*55
$GPGSV,3,1,09,26,52,308,19,29,41,063,22,31,40,231,16,25,23,131,16*7A
$GPGSV,3,2,09,05,13,044,20,21,78,170,,16,25,310,,20,14,162,*7E
$GPGSV,3,3,09,27,05,268,*4C
$GLGSV,2,1,08,77,72,242,,87,69,319,,88,33,254,,86,28,042,*65
$GLGSV,2,2,08,76,22,168,,71,12,069,,70,07,022,,72,01,114,*69
$QZGSV,1,1,01,01,00,042,*53
$GPGSA,A,3,05,25,26,29,,,,,,,,,3.8,1.8,3.3*3D
$GNGSA,A,3,05,25,26,29,,,,,,,,,3.8,1.8,3.3*23
$GNGSA,A,3,,,,,,,,,,,,,3.8,1.8,3.3*2E
$QZGSA,A,3,,,,,,,,,,,,,3.8,1.8,3.3*2C
$IMGSA,A,3,,,,,,,,,,,,,3.8,1.8,3.3*23
$GPRMC,204435.92,A,4204.329505,N,01217.472443,E,002.7,,050219,,,A*78
$GPGGA,204436.92,4204.329163,N,01217.472690,E,1,04,12.8,165.1,M,45.4,M,,*5C
$GPGSV,3,1,09,26,52,308,19,29,41,063,22,31,40,231,16,25,23,131,15*79
$GPGSV,3,2,09,05,13,044,20,21,78,170,,16,25,310,,20,14,162,*7E
$GPGSV,3,3,09,27,05,268,*4C
$GLGSV,2,1,08,77,72,242,,87,69,319,,88,33,254,,86,28,042,*65
$GLGSV,2,2,08,76,22,168,,71,12,069,,70,07,022,,72,01,114,*69
$QZGSV,1,1,01,01,00,042,*53
$GPGSA,A,3,05,25,26,29,,,,,,,,,3.8,1.8,3.3*3D
$GNGSA,A,3,05,25,26,29,,,,,,,,,3.8,1.8,3.3*23
$GNGSA,A,3,,,,,,,,,,,,,3.8,1.8,3.3*2E
$QZGSA,A,3,,,,,,,,,,,,,3.8,1.8,3.3*2C
$IMGSA,A,3,,,,,,,,,,,,,3.8,1.8,3.3*23
$GPRMC,204436.92,A,4204.329163,N,01217.472690,E,002.2,,050219,,,A*76
$GPGGA,204437.92,4204.328944,N,01217.473477,E,1,04,12.8,165.8,M,45.4,M,,*52
$GPGSV,3,1,09,26,52,308,18,29,41,063,21,31,40,231,16,25,23,131,15*7B
$GPGSV,3,2,09,05,13,044,19,21,78,170,,16,25,310,,20,14,162,*74
$GPGSV,3,3,09,27,05,268,*4C
$GLGSV,2,1,08,77,72,242,,87,69,319,,88,33,254,,86,28,042,*65
$GLGSV,2,2,08,76,22,168,,71,12,069,,70,07,022,,72,01,114,*69
$QZGSV,1,1,01,01,00,042,*53
$GPGSA,A,3,05,25,26,29,,,,,,,,,3.8,1.8,3.3*3D
$GNGSA,A,3,05,25,26,29,,,,,,,,,3.8,1.8,3.3*23
$GNGSA,A,3,,,,,,,,,,,,,3.8,1.8,3.3*2E
$QZGSA,A,3,,,,,,,,,,,,,3.8,1.8,3.3*2C
$IMGSA,A,3,,,,,,,,,,,,,3.8,1.8,3.3*23
$GPRMC,204437.92,A,4204.328944,N,01217.473477,E,002.0,,050219,,,A*73
$GPGGA,204438.92,4204.328802,N,01217.474349,E,1,04,12.8,166.5,M,45.4,M,,*5D
$GPGSV,3,1,09,26,52,308,18,29,41,063,21,31,40,231,16,25,23,131,15*7B
$GPGSV,3,2,09,05,13,044,20,21,78,170,,16,25,310,,20,14,162,*7E
$GPGSV,3,3,09,27,05,269,*4D
$GLGSV,2,1,08,77,72,242,,87,69,319,,88,33,254,,86,28,042,*65
$GLGSV,2,2,08,76,22,168,,71,12,069,,70,07,022,,72,01,114,*69
$QZGSV,1,1,01,01,00,042,*53
$GPGSA,A,3,05,25,26,29,,,,,,,,,3.8,1.8,3.3*3D
$GNGSA,A,3,05,25,26,29,,,,,,,,,3.8,1.8,3.3*23
$GNGSA,A,3,,,,,,,,,,,,,3.8,1.8,3.3*2E
$QZGSA,A,3,,,,,,,,,,,,,3.8,1.8,3.3*2C
$IMGSA,A,3,,,,,,,,,,,,,3.8,1.8,3.3*23
$GPRMC,204438.92,A,4204.328802,N,01217.474349,E,001.2,,050219,,,A*73
$GPGGA,204439.92,4204.328887,N,01217.475260,E,1,04,12.8,166.9,M,45.4,M,,*56
$GPGSV,3,1,09,26,52,308,19,29,41,063,21,31,40,231,16,25,23,131,15*7A
$GPGSV,3,2,09,05,13,044,19,21,78,170,,16,25,310,,20,14,162,*74
$GPGSV,3,3,09,27,05,269,*4D
$GLGSV,2,1,08,77,72,242,,87,69,319,,88,33,254,,86,28,042,*65
$GLGSV,2,2,08,76,22,168,,71,12,069,,70,07,022,,72,01,114,*69
$QZGSV,1,1,01,01,00,042,*53
$GPGSA,A,3,05,25,26,29,,,,,,,,,3.8,1.8,3.3*3D
$GNGSA,A,3,05,25,26,29,,,,,,,,,3.8,1.8,3.3*23
$GNGSA,A,3,,,,,,,,,,,,,3.8,1.8,3.3*2E
$QZGSA,A,3,,,,,,,,,,,,,3.8,1.8,3.3*2C
$IMGSA,A,3,,,,,,,,,,,,,3.8,1.8,3.3*23
$GPRMC,204439.92,A,4204.328887,N,01217.475260,E,001.1,,050219,,,A*77
$GPGGA,204440.92,4204.328903,N,01217.475890,E,1,04,12.8,166.7,M,45.4,M,,*5E
$GPGSV,3,1,09,26,52,308,19,29,41,063,22,31,40,231,16,25,23,131,15*79
$GPGSV,3,2,09,05,13,044,19,21,78,170,,16,25,310,,20,14,162,*74
$GPGSV,3,3,09,27,05,269,*4D
$GLGSV,2,1,08,77,72,242,,87,69,319,,88,33,254,,86,28,042,*65
$GLGSV,2,2,08,76,22,168,,71,12,069,,70,07,022,,72,02,114,*6A
$QZGSV,1,1,01,01,00,042,*53
$GPGSA,A,3,05,25,26,29,,,,,,,,,3.8,1.8,3.3*3D
$GNGSA,A,3,05,25,26,29,,,,,,,,,3.8,1.8,3.3*23
$GNGSA,A,3,,,,,,,,,,,,,3.8,1.8,3.3*2E
$QZGSA,A,3,,,,,,,,,,,,,3.8,1.8,3.3*2C
$IMGSA,A,3,,,,,,,,,,,,,3.8,1.8,3.3*23
$GPRMC,204440.92,A,4204.328903,N,01217.475890,E,000.9,,050219,,,A*78
$GPGGA,204441.92,4204.329028,N,01217.476595,E,1,04,12.8,166.9,M,45.4,M,,*5B
$GPGSV,3,1,09,26,52,308,21,29,41,063,24,31,40,231,16,25,23,131,21*73
$GPGSV,3,2,09,05,13,044,19,21,78,170,,16,25,310,,20,14,162,*74
$GPGSV,3,3,09,27,05,269,*4D
$GLGSV,2,1,08,77,72,242,,87,69,319,,88,33,254,,86,28,042,*65
$GLGSV,2,2,08,76,22,168,,71,12,069,,70,07,022,,72,02,114,*6A
$QZGSV,1,1,01,01,00,042,*53
$GPGSA,A,3,05,25,26,29,,,,,,,,,3.8,1.8,3.3*3D
$GNGSA,A,3,05,25,26,29,,,,,,,,,3.8,1.8,3.3*23
$GNGSA,A,3,,,,,,,,,,,,,3.8,1.8,3.3*2E
$QZGSA,A,3,,,,,,,,,,,,,3.8,1.8,3.3*2C
$IMGSA,A,3,,,,,,,,,,,,,3.8,1.8,3.3*23
$GPRMC,204441.92,A,4204.329028,N,01217.476595,E,001.6,,050219,,,A*7D
$GPGGA,204442.92,4204.329482,N,01217.476988,E,1,04,12.8,166.8,M,45.4,M,,*5D
$GPGSV,3,1,09,26,52,308,22,29,41,063,24,31,40,231,16,25,23,131,21*70
$GPGSV,3,2,09,05,13,044,19,21,78,170,,16,25,310,,20,14,162,*74
$GPGSV,3,3,09,27,05,269,*4D
$GLGSV,2,1,08,77,72,242,,87,69,319,,88,33,254,,86,28,042,*65
$GLGSV,2,2,08,76,22,168,,71,12,069,,70,07,022,,72,02,114,*6A
$QZGSV,1,1,01,01,00,042,*53
$GPGSA,A,3,05,25,26,29,,,,,,,,,3.8,1.8,3.3*3D
$GNGSA,A,3,05,25,26,29,,,,,,,,,3.8,1.8,3.3*23
$GNGSA,A,3,,,,,,,,,,,,,3.8,1.8,3.3*2E
$QZGSA,A,3,,,,,,,,,,,,,3.8,1.8,3.3*2C
$IMGSA,A,3,,,,,,,,,,,,,3.8,1.8,3.3*23
$GPRMC,204442.92,A,4204.329482,N,01217.476988,E,001.1,,050219,,,A*7D
$GPGGA,204443.92,4204.330519,N,01217.477185,E,1,04,12.8,166.4,M,45.4,M,,*5F
$GPGSV,3,1,09,26,52,308,22,29,41,063,24,31,40,231,16,25,23,131,21*70
$GPGSV,3,2,09,05,13,044,19,21,78,170,,16,25,310,,20,14,162,*74
$GPGSV,3,3,09,27,05,269,*4D
$GLGSV,2,1,08,87,69,319,16,77,72,242,,88,33,254,,86,28,042,*62
$GLGSV,2,2,08,76,22,168,,71,12,069,,70,07,022,,72,02,114,*6A
$QZGSV,1,1,01,01,00,042,*53
$GPGSA,A,3,05,25,26,29,,,,,,,,,3.8,1.8,3.3*3D
$GNGSA,A,3,05,25,26,29,,,,,,,,,3.8,1.8,3.3*23
$GNGSA,A,3,,,,,,,,,,,,,3.8,1.8,3.3*2E
$QZGSA,A,3,,,,,,,,,,,,,3.8,1.8,3.3*2C
$IMGSA,A,3,,,,,,,,,,,,,3.8,1.8,3.3*23
$GPRMC,204443.92,A,4204.330519,N,01217.477185,E,002.2,,050219,,,A*73
$GPGGA,204444.92,4204.332035,N,01217.477264,E,1,04,12.8,166.8,M,45.4,M,,*51
$GPGSV,3,1,09,26,52,308,22,29,41,063,23,31,40,231,16,25,23,131,21*77
$GPGSV,3,2,09,05,13,044,19,21,78,170,,16,25,310,,20,14,162,*74
$GPGSV,3,3,09,27,05,269,*4D
$GLGSV,2,1,08,87,69,319,16,77,72,242,,88,33,254,,86,28,042,*62
$GLGSV,2,2,08,76,22,168,,71,12,069,,70,07,022,,72,02,114,*6A
$QZGSV,1,1,01,01,00,042,*53
$GPGSA,A,3,05,25,26,29,,,,,,,,,3.8,1.8,3.3*3D
$GNGSA,A,3,05,25,26,29,,,,,,,,,3.8,1.8,3.3*23
$GNGSA,A,3,,,,,,,,,,,,,3.8,1.8,3.3*2E
$QZGSA,A,3,,,,,,,,,,,,,3.8,1.8,3.3*2C
$IMGSA,A,3,,,,,,,,,,,,,3.8,1.8,3.3*23
$GPRMC,204444.92,A,4204.332035,N,01217.477264,E,003.0,,050219,,,A*72
$GPGGA,204445.92,4204.334906,N,01217.478782,E,1,05,6.4,164.9,M,45.4,M,,*66
$GPGSV,3,1,09,26,52,308,22,29,41,063,23,31,40,231,16,25,23,131,21*77
$GPGSV,3,2,09,05,13,044,19,21,78,170,,16,25,310,,20,14,162,*74
$GPGSV,3,3,09,27,05,269,*4D
$GLGSV,2,1,08,87,69,319,16,77,72,242,,88,33,254,,86,28,042,*62
$GLGSV,2,2,08,76,22,168,,71,12,069,,70,07,022,,72,02,114,*6A
$QZGSV,1,1,01,01,00,042,*53
$GPGSA,A,3,05,25,26,29,,,,,,,,,3.4,1.8,2.9*3A
$GNGSA,A,3,05,25,26,29,,,,,,,,,3.4,1.8,2.9*24
$GNGSA,A,3,87,,,,,,,,,,,,3.4,1.8,2.9*26
$QZGSA,A,3,,,,,,,,,,,,,3.4,1.8,2.9*2B
$IMGSA,A,3,,,,,,,,,,,,,3.4,1.8,2.9*24
$GPRMC,204445.92,A,4204.334906,N,01217.478782,E,002.5,,050219,,,A*7A
$GPGGA,204446.92,4204.336714,N,01217.479536,E,1,05,6.4,163.7,M,45.4,M,,*6F
$GPGSV,3,1,09,26,52,308,21,29,41,063,23,31,40,231,16,25,23,131,21*74
$GPGSV,3,2,09,05,13,044,19,21,78,170,,16,25,310,,20,14,162,*74
$GPGSV,3,3,09,27,05,269,*4D
$GLGSV,2,1,08,87,69,319,16,77,72,242,,88,33,254,,86,28,042,*62
$GLGSV,2,2,08,76,22,168,,71,12,069,,70,07,022,,72,02,114,*6A
$QZGSV,1,1,01,01,00,042,*53
$GPGSA,A,3,05,25,26,29,,,,,,,,,3.4,1.8,2.9*3A
$GNGSA,A,3,05,25,26,29,,,,,,,,,3.4,1.8,2.9*24
$GNGSA,A,3,87,,,,,,,,,,,,3.4,1.8,2.9*26
$QZGSA,A,3,,,,,,,,,,,,,3.4,1.8,2.9*2B
$IMGSA,A,3,,,,,,,,,,,,,3.4,1.8,2.9*24
$GPRMC,204446.92,A,4204.336714,N,01217.479536,E,002.0,,050219,,,A*7F
$GPGGA,204447.92,4204.338652,N,01217.480557,E,1,05,6.4,161.4,M,45.4,M,,*63
$GPGSV,3,1,09,26,52,308,21,29,41,063,23,31,40,231,16,25,23,131,20*75
$GPGSV,3,2,09,05,13,044,19,21,78,170,,16,25,310,,20,14,162,*74
$GPGSV,3,3,09,27,05,269,*4D
$GLGSV,2,1,08,87,69,319,16,77,72,242,,88,33,254,,86,28,042,*62
$GLGSV,2,2,08,76,22,168,,71,12,069,,70,07,022,,72,02,114,*6A
$QZGSV,1,1,01,01,00,042,*53
$GPGSA,A,3,05,25,26,29,,,,,,,,,3.4,1.8,2.9*3A
$GNGSA,A,3,05,25,26,29,,,,,,,,,3.4,1.8,2.9*24
$GNGSA,A,3,87,,,,,,,,,,,,3.4,1.8,2.9*26
$QZGSA,A,3,,,,,,,,,,,,,3.4,1.8,2.9*2B
$IMGSA,A,3,,,,,,,,,,,,,3.4,1.8,2.9*24
$GPRMC,204447.92,A,4204.338652,N,01217.480557,E,002.5,,050219,,,A*77
$GPGGA,204448.92,4204.340325,N,01217.482665,E,1,05,6.4,164.8,M,45.4,M,,*6F
$GPGSV,3,1,09,26,52,308,21,29,41,063,23,31,40,231,15,25,23,131,20*76
$GPGSV,3,2,09,05,13,044,19,21,78,170,,16,25,310,,20,14,162,*74
$GPGSV,3,3,09,27,05,269,*4D
$GLGSV,2,1,08,87,69,319,15,77,72,242,,88,33,254,,86,28,042,*61
$GLGSV,2,2,08,76,22,168,,71,12,069,,70,07,022,,72,02,114,*6A
$QZGSV,1,1,01,01,00,042,*53
$GPGSA,A,3,05,25,26,29,,,,,,,,,3.4,1.8,2.9*3A
$GNGSA,A,3,05,25,26,29,,,,,,,,,3.4,1.8,2.9*24
$GNGSA,A,3,87,,,,,,,,,,,,3.4,1.8,2.9*26
$QZGSA,A,3,,,,,,,,,,,,,3.4,1.8,2.9*2B
$IMGSA,A,3,,,,,,,,,,,,,3.4,1.8,2.9*24
$GPRMC,204448.92,A,4204.340325,N,01217.482665,E,003.2,,050219,,,A*74
$GPGGA,204449.92,4204.341945,N,01217.483793,E,1,05,6.4,163.3,M,45.4,M,,*66
$GPGSV,3,1,09,26,52,308,20,29,41,063,22,31,40,231,15,25,23,131,20*76
$GPGSV,3,2,09,05,13,044,19,21,78,170,,16,25,310,,20,14,162,*74
$GPGSV,3,3,09,27,05,269,*4D
$GLGSV,2,1,08,87,69,319,15,77,72,242,,88,33,254,,86,28,042,*61
$GLGSV,2,2,08,76,22,168,,71,12,069,,70,07,022,,72,02,114,*6A
$QZGSV,1,1,01,01,00,042,*53
$GPGSA,A,3,05,25,26,29,,,,,,,,,3.4,1.8,2.9*3A
$GNGSA,A,3,05,25,26,29,,,,,,,,,3.4,1.8,2.9*24
$GNGSA,A,3,87,,,,,,,,,,,,3.4,1.8,2.9*26
$QZGSA,A,3,,,,,,,,,,,,,3.4,1.8,2.9*2B
$IMGSA,A,3,,,,,,,,,,,,,3.4,1.8,2.9*24
$GPRMC,204449.92,A,4204.341945,N,01217.483793,E,002.8,,050219,,,A*7A
$GPGGA,204450.92,4204.342850,N,01217.484480,E,1,04,12.8,163.5,M,45.4,M,,*50
$GPGSV,3,1,09,26,52,308,20,29,41,063,22,31,40,231,15,25,23,131,19*7C
$GPGSV,3,2,09,05,13,044,19,21,78,170,,16,25,310,,20,14,162,*74
$GPGSV,3,3,09,27,05,269,*4D
$GLGSV,2,1,08,87,69,319,15,77,72,242,,88,33,254,,86,28,042,*61
$GLGSV,2,2,08,76,22,168,,71,12,069,,70,07,022,,72,02,114,*6A
$QZGSV,1,1,01,01,00,042,*53
$GPGSA,A,3,05,25,26,29,,,,,,,,,3.8,1.8,3.3*3D
$GNGSA,A,3,05,25,26,29,,,,,,,,,3.8,1.8,3.3*23
$GNGSA,A,3,,,,,,,,,,,,,3.8,1.8,3.3*2E
$QZGSA,A,3,,,,,,,,,,,,,3.8,1.8,3.3*2C
$IMGSA,A,3,,,,,,,,,,,,,3.8,1.8,3.3*23
$GPRMC,204450.92,A,4204.342850,N,01217.484480,E,002.4,,050219,,,A*7E
$GPGGA,204451.92,4204.343572,N,01217.485017,E,1,04,12.8,163.6,M,45.4,M,,*55
$GPGSV,3,1,09,26,52,308,19,29,41,063,22,31,40,231,15,25,23,131,19*76
$GPGSV,3,2,09,05,13,044,20,21,78,170,,16,25,310,,20,14,162,*7E
$GPGSV,3,3,09,27,05,269,*4D
$GLGSV,2,1,08,87,69,319,15,77,72,242,,88,33,254,,86,28,042,*61
$GLGSV,2,2,08,76,22,168,,71,12,069,,70,07,022,,72,02,114,*6A
$QZGSV,1,1,01,01,00,042,*53
$GPGSA,A,3,05,25,26,29,,,,,,,,,3.8,1.8,3.3*3D
$GNGSA,A,3,05,25,26,29,,,,,,,,,3.8,1.8,3.3*23
$GNGSA,A,3,,,,,,,,,,,,,3.8,1.8,3.3*2E
$QZGSA,A,3,,,,,,,,,,,,,3.8,1.8,3.3*2C
$IMGSA,A,3,,,,,,,,,,,,,3.8,1.8,3.3*23
$GPRMC,204451.92,A,4204.343572,N,01217.485017,E,002.0,,050219,,,A*7C
$GPGGA,204452.92,4204.344304,N,01217.485788,E,1,05,9.6,163.2,M,45.4,M,,*66
$GPGSV,3,1,09,26,52,308,18,29,41,063,22,31,40,231,15,25,23,131,19*77
$GPGSV,3,2,09,05,13,044,19,21,78,170,,16,25,310,,20,14,162,*74
$GPGSV,3,3,09,27,05,269,*4D
$GLGSV,2,1,08,87,69,319,15,77,72,241,,88,33,254,,86,28,042,*62
$GLGSV,2,2,08,76,22,168,,71,12,069,,70,07,022,,72,02,114,*6A
$QZGSV,1,1,01,01,00,042,*53
$GPGSA,A,3,05,25,26,29,,,,,,,,,3.4,1.8,2.9*3A
$GNGSA,A,3,05,25,26,29,,,,,,,,,3.4,1.8,2.9*24
$GNGSA,A,3,87,,,,,,,,,,,,3.4,1.8,2.9*26
$QZGSA,A,3,,,,,,,,,,,,,3.4,1.8,2.9*2B
$IMGSA,A,3,,,,,,,,,,,,,3.4,1.8,2.9*24
$GPRMC,204452.92,A,4204.344304,N,01217.485788,E,001.7,,050219,,,A*7A
$GPGGA,204453.92,4204.344794,N,01217.486155,E,1,04,9.6,163.0,M,45.4,M,,*6C
$GPGSV,3,1,09,26,52,308,18,29,41,063,22,31,40,231,15,25,23,131,19*77
$GPGSV,3,2,09,05,13,044,19,21,78,170,,16,25,310,,20,14,162,*74
$GPGSV,3,3,09,27,05,269,*4D
$GLGSV,2,1,08,87,69,319,15,77,72,241,,88,33,254,,86,28,042,*62
$GLGSV,2,2,08,76,22,168,,71,12,069,,70,07,022,,72,02,114,*6A
$QZGSV,1,1,01,01,00,042,*53
$GPGSA,A,3,05,25,26,29,,,,,,,,,3.8,1.8,3.3*3D
$GNGSA,A,3,05,25,26,29,,,,,,,,,3.8,1.8,3.3*23
$GNGSA,A,3,,,,,,,,,,,,,3.8,1.8,3.3*2E
$QZGSA,A,3,,,,,,,,,,,,,3.8,1.8,3.3*2C
$IMGSA,A,3,,,,,,,,,,,,,3.8,1.8,3.3*23
$GPRMC,204453.92,A,4204.344794,N,01217.486155,E,001.5,,050219,,,A*71
$GPGGA,204454.92,4204.345111,N,01217.486399,E,1,04,12.8,162.7,M,45.4,M,,*51
$GPGSV,3,1,09,26,52,308,18,29,41,063,22,31,40,231,15,25,23,131,19*77
$GPGSV,3,2,09,05,13,044,18,21,78,170,,16,25,310,,20,14,162,*75
$GPGSV,3,3,09,27,05,269,*4D
$GLGSV,2,1,08,87,69,319,15,77,72,241,,88,33,254,,86,28,043,*63
$GLGSV,2,2,08,76,22,168,,71,12,069,,70,07,022,,72,02,114,*6A
$QZGSV,1,1,01,01,00,042,*53
$GPGSA,A,3,05,25,26,29,,,,,,,,,3.8,1.8,3.3*3D
$GNGSA,A,3,05,25,26,29,,,,,,,,,3.8,1.8,3.3*23
$GNGSA,A,3,,,,,,,,,,,,,3.8,1.8,3.3*2E
$QZGSA,A,3,,,,,,,,,,,,,3.8,1.8,3.3*2C
$IMGSA,A,3,,,,,,,,,,,,,3.8,1.8,3.3*23
$GPRMC,204454.92,A,4204.345111,N,01217.486399,E,000.8,,050219,,,A*72
$GPGGA,204500.92,,,,,0,05,6.4,164.8,M,45.4,M,,*57
$GPGSV,3,1,09,26,52,308,20,29,41,063,26,31,40,230,,25,23,131,21*76
$GPGSV,3,2,09,05,13,044,16,21,78,169,,16,25,310,,20,15,162,*72
$GPGSV,3,3,09,27,05,269,*4D
$GLGSV,2,1,08,87,69,319,17,77,72,241,,88,33,254,,86,28,043,*61
$GLGSV,2,2,08,76,22,168,,71,12,069,,70,07,022,,72,02,114,*6A
$QZGSV,1,1,01,01,00,042,*53
$GPGSA,A,1,,,,,,,,,,,,,3.4,1.8,2.9*35
$GNGSA,A,1,,,,,,,,,,,,,3.4,1.8,2.9*2B
$GNGSA,A,1,,,,,,,,,,,,,3.4,1.8,2.9*2B
$QZGSA,A,1,,,,,,,,,,,,,3.4,1.8,2.9*29
$IMGSA,A,1,,,,,,,,,,,,,3.4,1.8,2.9*26
$GPRMC,204500.92,V,,,,,,,050219,,,N*7A
$GPGGA,204501.92,,,,,0,05,9.6,164.5,M,45.4,M,,*56
$GPGSV,3,1,09,26,52,308,20,29,41,063,26,31,40,230,,25,23,131,21*76
$GPGSV,3,2,09,05,13,044,16,21,78,169,,16,25,310,,20,15,162,*72
$GPGSV,3,3,09,27,05,269,*4D
$GLGSV,2,1,08,87,69,319,17,77,72,241,,88,33,254,,86,28,043,*61
$GLGSV,2,2,08,76,22,168,,71,12,069,,70,07,022,,72,02,114,*6A
$QZGSV,1,1,01,01,00,042,*53
$GPGSA,A,1,,,,,,,,,,,,,3.4,1.8,2.9*35
$GNGSA,A,1,,,,,,,,,,,,,3.4,1.8,2.9*2B
$GNGSA,A,1,,,,,,,,,,,,,3.4,1.8,2.9*2B
$QZGSA,A,1,,,,,,,,,,,,,3.4,1.8,2.9*29
$IMGSA,A,1,,,,,,,,,,,,,3.4,1.8,2.9*26
$GPRMC,204501.92,V,,,,,,,050219,,,N*7B
$GPGGA,204502.92,,,,,0,05,9.6,163.8,M,45.4,M,,*5F
$GPGSV,3,1,09,26,52,308,20,29,41,063,25,25,23,131,20,05,13,044,16*73
$GPGSV,3,2,09,21,78,169,,31,40,230,,16,25,310,,20,15,162,*75
$GPGSV,3,3,09,27,05,269,*4D
$GLGSV,2,1,08,87,69,320,16,77,72,241,,88,33,254,,86,28,043,*6A
$GLGSV,2,2,08,76,22,168,,71,12,069,,70,07,022,,72,02,114,*6A
$QZGSV,1,1,01,01,00,042,*53
$GPGSA,A,1,,,,,,,,,,,,,3.4,1.8,2.9*35
$GNGSA,A,1,,,,,,,,,,,,,3.4,1.8,2.9*2B
$GNGSA,A,1,,,,,,,,,,,,,3.4,1.8,2.9*2B
$QZGSA,A,1,,,,,,,,,,,,,3.4,1.8,2.9*29
$IMGSA,A,1,,,,,,,,,,,,,3.4,1.8,2.9*26
$GPRMC,204502.92,V,,,,,,,050219,,,N*78
$GPGGA,204503.92,4204.343334,N,01217.481854,E,1,05,9.6,162.5,M,45.4,M,,*6B
$GPGSV,3,1,09,26,52,308,20,29,41,063,24,25,23,131,20,05,13,044,16*72
$GPGSV,3,2,09,21,78,169,,31,40,230,,16,25,310,,20,15,162,*75
$GPGSV,3,3,09,27,05,269,*4D
$GLGSV,2,1,08,87,69,320,16,77,72,241,,88,33,254,,86,28,043,*6A
$GLGSV,2,2,08,76,22,168,,71,12,069,,70,07,022,,72,02,114,*6A
$QZGSV,1,1,01,01,00,042,*53
$GPGSA,A,3,05,25,26,29,,,,,,,,,3.4,1.8,2.9*3A
$GNGSA,A,3,05,25,26,29,,,,,,,,,3.4,1.8,2.9*24
$GNGSA,A,3,87,,,,,,,,,,,,3.4,1.8,2.9*26
$QZGSA,A,3,,,,,,,,,,,,,3.4,1.8,2.9*2B
$IMGSA,A,3,,,,,,,,,,,,,3.4,1.8,2.9*24
$GPRMC,204503.92,A,4204.343334,N,01217.481854,E,002.0,,050219,,,A*75
$GPGGA,204504.92,,,,,0,00,999.9,,M,,M,,*6A
$GPGSV,3,1,09,26,52,308,19,29,41,063,24,25,23,131,19,05,13,044,15*71
$GPGSV,3,2,09,21,78,169,,31,40,230,,16,25,310,,20,15,162,*75
$GPGSV,3,3,09,27,05,269,*4D
$GLGSV,2,1,08,87,69,320,16,77,72,241,,88,33,254,,86,28,043,*6A
$GLGSV,2,2,08,76,22,168,,71,12,069,,70,07,022,,72,02,114,*6A
$QZGSV,1,1,01,01,00,042,*53
$GPGSA,A,1,,,,,,,,,,,,,140.0,99.0,99.0*35
$GNGSA,A,1,,,,,,,,,,,,,140.0,99.0,99.0*2B
$GNGSA,A,1,,,,,,,,,,,,,140.0,99.0,99.0*2B
$QZGSA,A,1,,,,,,,,,,,,,140.0,99.0,99.0*29
$IMGSA,A,1,,,,,,,,,,,,,140.0,99.0,99.0*26
$GPRMC,204504.92,V,,,,,,,050219,,,N*7E
$GPGGA,204505.92,4204.344023,N,01217.480449,E,1,05,9.6,162.4,M,45.4,M,,*6F
$GPGSV,3,1,09,26,52,308,19,29,41,063,24,25,23,131,19,05,13,044,15*71
$GPGSV,3,2,09,21,78,169,,31,40,230,,16,25,310,,20,15,162,*75
$GPGSV,3,3,09,27,05,269,*4D
$GLGSV,2,1,08,87,69,320,16,77,72,241,,88,33,254,,86,28,043,*6A
$GLGSV,2,2,08,76,22,168,,71,12,069,,70,07,022,,72,02,114,*6A
$QZGSV,1,1,01,01,00,042,*53
$GPGSA,A,3,05,25,26,29,,,,,,,,,3.4,1.8,2.9*3A
$GNGSA,A,3,05,25,26,29,,,,,,,,,3.4,1.8,2.9*24
$GNGSA,A,3,87,,,,,,,,,,,,3.4,1.8,2.9*26
$QZGSA,A,3,,,,,,,,,,,,,3.4,1.8,2.9*2B
$IMGSA,A,3,,,,,,,,,,,,,3.4,1.8,2.9*24
$GPRMC,204505.92,A,4204.344023,N,01217.480449,E,002.9,,050219,,,A*79
$GPGGA,204506.92,,,,,0,00,999.9,,M,,M,,*68
$GPGSV,3,1,09,26,52,308,19,29,41,063,23,25,23,131,18,05,13,044,15*77
$GPGSV,3,2,09,21,78,169,,31,40,230,,16,25,310,,20,15,162,*75
$GPGSV,3,3,09,27,05,269,*4D
$GLGSV,2,1,08,87,69,320,16,77,72,241,,88,33,254,,86,28,043,*6A
$GLGSV,2,2,08,76,22,168,,71,12,069,,70,07,022,,72,02,114,*6A
$QZGSV,1,1,01,01,00,042,*53
$GPGSA,A,1,,,,,,,,,,,,,140.0,99.0,99.0*35
$GNGSA,A,1,,,,,,,,,,,,,140.0,99.0,99.0*2B
$GNGSA,A,1,,,,,,,,,,,,,140.0,99.0,99.0*2B
$QZGSA,A,1,,,,,,,,,,,,,140.0,99.0,99.0*29
$IMGSA,A,1,,,,,,,,,,,,,140.0,99.0,99.0*26
$GPRMC,204506.92,V,,,,,,,050219,,,N*7C
$GPGGA,204507.92,,,,,0,00,999.9,,M,,M,,*69
$GPGSV,3,1,09,26,52,308,18,29,41,063,22,25,23,131,21,05,13,044,15*7D
$GPGSV,3,2,09,21,78,169,,31,40,230,,16,25,310,,20,15,162,*75
$GPGSV,3,3,09,27,05,269,*4D
$GLGSV,2,1,08,87,69,320,16,77,72,241,,88,33,254,,86,28,043,*6A
$GLGSV,2,2,08,76,22,168,,71,12,069,,70,07,022,,72,02,114,*6A
$QZGSV,1,1,01,01,00,042,*53
$GPGSA,A,1,,,,,,,,,,,,,140.0,99.0,99.0*35
$GNGSA,A,1,,,,,,,,,,,,,140.0,99.0,99.0*2B
$GNGSA,A,1,,,,,,,,,,,,,140.0,99.0,99.0*2B
$QZGSA,A,1,,,,,,,,,,,,,140.0,99.0,99.0*29
$IMGSA,A,1,,,,,,,,,,,,,140.0,99.0,99.0*26
$GPRMC,204507.92,V,,,,,,,050219,,,N*7D
$GPGGA,204508.92,,,,,0,00,999.9,,M,,M,,*66
$GPGSV,3,1,09,26,52,308,18,29,41,063,22,25,23,131,21,05,13,044,15*7D
$GPGSV,3,2,09,21,78,169,,31,40,230,,16,25,310,,20,15,162,*75
$GPGSV,3,3,09,27,05,269,*4D
$GLGSV,2,1,08,87,69,320,15,77,72,241,,88,33,254,,86,28,043,*69
$GLGSV,2,2,08,76,22,168,,71,12,069,,70,07,022,,72,02,114,*6A
$QZGSV,1,1,01,01,00,042,*53
$GPGSA,A,1,,,,,,,,,,,,,140.0,99.0,99.0*35
$GNGSA,A,1,,,,,,,,,,,,,140.0,99.0,99.0*2B
$GNGSA,A,1,,,,,,,,,,,,,140.0,99.0,99.0*2B
$QZGSA,A,1,,,,,,,,,,,,,140.0,99.0,99.0*29
$IMGSA,A,1,,,,,,,,,,,,,140.0,99.0,99.0*26
$GPRMC,204508.92,V,,,,,,,050219,,,N*72
$GPGGA,204509.92,,,,,0,00,999.9,,M,,M,,*67
$GPGSV,3,1,09,26,52,308,18,29,41,063,22,25,23,131,20,05,13,044,15*7C
$GPGSV,3,2,09,21,78,169,,31,40,230,,16,25,310,,20,15,162,*75
$GPGSV,3,3,09,27,05,269,*4D
$GLGSV,2,1,08,87,69,320,15,77,72,241,,88,33,254,,86,28,043,*69
$GLGSV,2,2,08,76,22,168,,71,12,069,,70,07,022,,72,02,114,*6A
$QZGSV,1,1,01,01,00,042,*53
$GPGSA,A,1,,,,,,,,,,,,,140.0,99.0,99.0*35
$GNGSA,A,1,,,,,,,,,,,,,140.0,99.0,99.0*2B
$GNGSA,A,1,,,,,,,,,,,,,140.0,99.0,99.0*2B
$QZGSA,A,1,,,,,,,,,,,,,140.0,99.0,99.0*29
$IMGSA,A,1,,,,,,,,,,,,,140.0,99.0,99.0*26
$GPRMC,204509.92,V,,,,,,,050219,,,N*73
$GPGGA,204510.92,,,,,0,00,999.9,,M,,M,,*6F
$GPGSV,3,1,09,26,52,308,18,29,41,063,23,25,23,131,20,05,13,044,15*7D
$GPGSV,3,2,09,21,78,169,,31,40,230,,16,25,310,,20,15,162,*75
$GPGSV,3,3,09,27,05,269,*4D
$GLGSV,2,1,08,87,69,320,15,77,72,241,,88,33,254,,86,28,043,*69
$GLGSV,2,2,08,76,22,168,,71,12,069,,70,07,022,,72,02,114,*6A
$QZGSV,1,1,01,01,00,042,*53
$GPGSA,A,1,,,,,,,,,,,,,140.0,99.0,99.0*35
$GNGSA,A,1,,,,,,,,,,,,,140.0,99.0,99.0*2B
$GNGSA,A,1,,,,,,,,,,,,,140.0,99.0,99.0*2B
$QZGSA,A,1,,,,,,,,,,,,,140.0,99.0,99.0*29
$IMGSA,A,1,,,,,,,,,,,,,140.0,99.0,99.0*26
$GPRMC,204510.92,V,,,,,,,050219,,,N*7B
$GPGGA,204511.92,,,,,0,00,999.9,,M,,M,,*6E
$GPGSV,3,1,09,26,52,308,19,29,41,063,23,25,23,131,19,05,13,044,15*76
$GPGSV,3,2,09,21,78,169,,31,40,230,,16,25,310,,20,15,162,*75
$GPGSV,3,3,09,27,05,269,*4D
$GLGSV,2,1,08,87,69,320,15,77,72,241,,88,33,254,,86,28,043,*69
$GLGSV,2,2,08,76,22,168,,71,12,069,,70,07,022,,72,02,114,*6A
$QZGSV,1,1,01,01,00,042,*53
$GPGSA,A,1,,,,,,,,,,,,,140.0,99.0,99.0*35
$GNGSA,A,1,,,,,,,,,,,,,140.0,99.0,99.0*2B
$GNGSA,A,1,,,,,,,,,,,,,140.0,99.0,99.0*2B
$QZGSA,A,1,,,,,,,,,,,,,140.0,99.0,99.0*29
$IMGSA,A,1,,,,,,,,,,,,,140.0,99.0,99.0*26
$GPRMC,204511.92,V,,,,,,,050219,,,N*7A
$GPGGA,204512.92,,,,,0,00,999.9,,M,,M,,*6D
$GPGSV,3,1,09,26,52,308,21,29,41,063,23,25,23,131,19,05,13,044,16*7E
$GPGSV,3,2,09,21,78,169,,31,40,230,,16,25,310,,20,15,162,*75
$GPGSV,3,3,09,27,05,269,*4D
$GLGSV,2,1,08,87,69,320,15,77,72,241,,88,33,254,,86,28,043,*69
$GLGSV,2,2,08,76,22,168,,71,12,069,,70,07,022,,72,02,114,*6A
$QZGSV,1,1,01,01,00,042,*53
$GPGSA,A,1,,,,,,,,,,,,,140.0,99.0,99.0*35
$GNGSA,A,1,,,,,,,,,,,,,140.0,99.0,99.0*2B
$GNGSA,A,1,,,,,,,,,,,,,140.0,99.0,99.0*2B
$QZGSA,A,1,,,,,,,,,,,,,140.0,99.0,99.0*29
$IMGSA,A,1,,,,,,,,,,,,,140.0,99.0,99.0*26
$GPRMC,204512.92,V,,,,,,,050219,,,N*79
$GPGGA,204513.92,,,,,0,00,999.9,,M,,M,,*6C
$GPGSV,3,1,09,26,52,308,21,29,41,063,23,25,23,131,18,05,13,044,16*7F
$GPGSV,3,2,09,21,78,169,,31,40,230,,16,25,310,,20,15,162,*75
$GPGSV,3,3,09,27,05,269,*4D
$GLGSV,2,1,08,87,69,320,15,77,72,241,,88,33,254,,86,28,043,*69
$GLGSV,2,2,08,76,22,168,,71,12,069,,70,07,022,,72,02,114,*6A
$QZGSV,1,1,01,01,00,042,*53
$GPGSA,A,1,,,,,,,,,,,,,140.0,99.0,99.0*35
$GNGSA,A,1,,,,,,,,,,,,,140.0,99.0,99.0*2B
$GNGSA,A,1,,,,,,,,,,,,,140.0,99.0,99.0*2B
$QZGSA,A,1,,,,,,,,,,,,,140.0,99.0,99.0*29
$IMGSA,A,1,,,,,,,,,,,,,140.0,99.0,99.0*26
$GPRMC,204513.92,V,,,,,,,050219,,,N*78
$GPGGA,204514.92,,,,,0,00,999.9,,M,,M,,*6B
$GPGSV,3,1,09,26,52,308,21,29,41,063,23,25,23,131,18,05,13,044,16*7F
$GPGSV,3,2,09,21,78,169,,31,40,230,,16,25,310,,20,15,162,*75
$GPGSV,3,3,09,27,05,269,*4D
$GLGSV,2,1,08,87,69,320,15,77,72,241,,88,33,254,,86,28,043,*69
$GLGSV,2,2,08,76,22,168,,71,12,069,,70,07,022,,72,02,114,*6A
$QZGSV,1,1,01,01,00,042,*53
$GPGSA,A,1,,,,,,,,,,,,,140.0,99.0,99.0*35
$GNGSA,A,1,,,,,,,,,,,,,140.0,99.0,99.0*2B
$GNGSA,A,1,,,,,,,,,,,,,140.0,99.0,99.0*2B
$QZGSA,A,1,,,,,,,,,,,,,140.0,99.0,99.0*29
$IMGSA,A,1,,,,,,,,,,,,,140.0,99.0,99.0*26
$GPRMC,204514.92,V,,,,,,,050219,,,N*7F
$GPGGA,204515.92,,,,,0,00,999.9,,M,,M,,*6A
$GPGSV,3,1,09,26,52,308,20,29,41,063,23,25,23,131,17,05,13,044,16*71
$GPGSV,3,2,09,21,78,169,,31,40,230,,16,25,310,,20,15,162,*75
$GPGSV,3,3,09,27,05,269,*4D
$GLGSV,2,1,08,87,69,320,15,77,72,241,,88,33,254,,86,28,043,*69
$GLGSV,2,2,08,76,22,168,,71,12,069,,70,07,022,,72,02,114,*6A
$QZGSV,1,1,01,01,00,042,*53
$GPGSA,A,1,,,,,,,,,,,,,140.0,99.0,99.0*35
$GNGSA,A,1,,,,,,,,,,,,,140.0,99.0,99.0*2B
$GNGSA,A,1,,,,,,,,,,,,,140.0,99.0,99.0*2B
$QZGSA,A,1,,,,,,,,,,,,,140.0,99.0,99.0*29
$IMGSA,A,1,,,,,,,,,,,,,140.0,99.0,99.0*26
$GPRMC,204515.92,V,,,,,,,050219,,,N*7E
$GPGGA,204516.92,,,,,0,00,999.9,,M,,M,,*69
$GPGSV,3,1,09,26,52,308,21,29,41,063,24,25,23,131,17,05,13,044,16*77
$GPGSV,3,2,09,21,78,169,,31,40,230,,16,25,310,,20,15,162,*75
$GPGSV,3,3,09,27,05,269,*4D
$GLGSV,2,1,08,87,69,320,15,77,72,241,,88,33,254,,86,28,043,*69
$GLGSV,2,2,08,76,22,168,,71,12,069,,70,07,022,,72,02,114,*6A
$QZGSV,1,1,01,01,00,042,*53
$GPGSA,A,1,,,,,,,,,,,,,140.0,99.0,99.0*35
$GNGSA,A,1,,,,,,,,,,,,,140.0,99.0,99.0*2B
$GNGSA,A,1,,,,,,,,,,,,,140.0,99.0,99.0*2B
$QZGSA,A,1,,,,,,,,,,,,,140.0,99.0,99.0*29
$IMGSA,A,1,,,,,,,,,,,,,140.0,99.0,99.0*26
$GPRMC,204516.92,V,,,,,,,050219,,,N*7D
$GPGGA,204517.92,,,,,0,00,999.9,,M,,M,,*68
$GPGSV,3,1,09,26,52,308,21,29,41,063,24,25,23,131,17,05,13,044,16*77
$GPGSV,3,2,09,21,78,169,,31,40,230,,16,25,310,,20,15,162,*75
$GPGSV,3,3,09,27,05,269,*4D
$GLGSV,2,1,08,87,69,320,15,77,72,241,,88,33,254,,86,28,043,*69
$GLGSV,2,2,08,76,22,168,,71,12,069,,70,07,022,,72,02,114,*6A
$QZGSV,1,1,01,01,00,042,*53
$GPGSA,A,1,,,,,,,,,,,,,140.0,99.0,99.0*35
$GNGSA,A,1,,,,,,,,,,,,,140.0,99.0,99.0*2B
$GNGSA,A,1,,,,,,,,,,,,,140.0,99.0,99.0*2B
$QZGSA,A,1,,,,,,,,,,,,,140.0,99.0,99.0*29
$IMGSA,A,1,,,,,,,,,,,,,140.0,99.0,99.0*26
$GPRMC,204517.92,V,,,,,,,050219,,,N*7C
$GPGGA,204518.92,,,,,0,00,999.9,,M,,M,,*67
$GPGSV,3,1,09,26,52,308,20,29,41,063,23,25,23,131,20,05,13,044,16*75
$GPGSV,3,2,09,21,78,169,,31,40,230,,16,25,310,,20,15,162,*75
$GPGSV,3,3,09,27,05,269,*4D
$GLGSV,2,1,08,87,69,320,15,77,72,241,,88,33,254,,86,28,043,*69
$GLGSV,2,2,08,76,22,168,,71,12,069,,70,07,022,,72,02,114,*6A
$QZGSV,1,1,01,01,00,042,*53
$GPGSA,A,1,,,,,,,,,,,,,140.0,99.0,99.0*35
$GNGSA,A,1,,,,,,,,,,,,,140.0,99.0,99.0*2B
$GNGSA,A,1,,,,,,,,,,,,,140.0,99.0,99.0*2B
$QZGSA,A,1,,,,,,,,,,,,,140.0,99.0,99.0*29
$IMGSA,A,1,,,,,,,,,,,,,140.0,99.0,99.0*26
$GPRMC,204518.92,V,,,,,,,050219,,,N*73
$GPGGA,204519.92,,,,,0,00,999.9,,M,,M,,*66
$GPGSV,3,1,09,26,52,308,20,29,41,063,23,25,23,131,21,05,13,044,19*7B
$GPGSV,3,2,09,21,78,169,,31,40,230,,16,25,310,,20,15,162,*75
$GPGSV,3,3,09,27,05,269,*4D
$GLGSV,2,1,08,87,69,320,15,77,72,241,,88,33,254,,86,28,043,*69
$GLGSV,2,2,08,76,22,168,,71,12,069,,70,07,022,,72,02,114,*6A
$QZGSV,1,1,01,01,00,042,*53
$GPGSA,A,1,,,,,,,,,,,,,140.0,99.0,99.0*35
$GNGSA,A,1,,,,,,,,,,,,,140.0,99.0,99.0*2B
$GNGSA,A,1,,,,,,,,,,,,,140.0,99.0,99.0*2B
$QZGSA,A,1,,,,,,,,,,,,,140.0,99.0,99.0*29
$IMGSA,A,1,,,,,,,,,,,,,140.0,99.0,99.0*26
$GPRMC,204519.92,V,,,,,,,050219,,,N*72
$GPGGA,204520.92,,,,,0,00,999.9,,M,,M,,*6C
$GPGSV,3,1,09,26,52,308,20,29,41,063,23,25,23,131,21,05,13,044,19*7B
$GPGSV,3,2,09,21,78,169,,31,40,230,,16,25,310,,20,15,162,*75
$GPGSV,3,3,09,27,05,269,*4D
$GLGSV,2,1,08,87,69,320,15,77,72,241,,88,33,254,,86,28,043,*69
$GLGSV,2,2,08,76,22,168,,71,12,069,,70,07,022,,72,02,114,*6A
$QZGSV,1,1,01,01,00,042,*53
$GPGSA,A,1,,,,,,,,,,,,,140.0,99.0,99.0*35
$GNGSA,A,1,,,,,,,,,,,,,140.0,99.0,99.0*2B
$GNGSA,A,1,,,,,,,,,,,,,140.0,99.0,99.0*2B
$QZGSA,A,1,,,,,,,,,,,,,140.0,99.0,99.0*29
$IMGSA,A,1,,,,,,,,,,,,,140.0,99.0,99.0*26
$GPRMC,204520.92,V,,,,,,,050219,,,N*78
$GPGGA,204521.92,,,,,0,00,999.9,,M,,M,,*6D
$GPGSV,3,1,09,26,52,308,20,29,41,063,23,25,23,131,21,05,13,044,19*7B
$GPGSV,3,2,09,21,78,169,,31,40,230,,16,25,310,,20,15,162,*75
$GPGSV,3,3,09,27,05,269,*4D
$GLGSV,2,1,08,87,69,320,16,77,72,241,,88,33,254,,86,28,043,*6A
$GLGSV,2,2,08,76,22,168,,71,12,069,,70,07,022,,72,02,114,*6A
$QZGSV,1,1,01,01,00,042,*53
$GPGSA,A,1,,,,,,,,,,,,,140.0,99.0,99.0*35
$GNGSA,A,1,,,,,,,,,,,,,140.0,99.0,99.0*2B
$GNGSA,A,1,,,,,,,,,,,,,140.0,99.0,99.0*2B
$QZGSA,A,1,,,,,,,,,,,,,140.0,99.0,99.0*29
$IMGSA,A,1,,,,,,,,,,,,,140.0,99.0,99.0*26
$GPRMC,204521.92,V,,,,,,,050219,,,N*79
$GPGGA,204522.92,,,,,0,00,999.9,,M,,M,,*6E
$GPGSV,3,1,09,26,52,308,21,29,41,063,23,25,23,131,22,05,13,044,20*73
$GPGSV,3,2,09,21,78,169,,31,40,230,,16,25,310,,20,15,162,*75
$GPGSV,3,3,09,27,05,269,*4D
$GLGSV,2,1,08,87,69,320,17,77,72,241,,88,33,254,,86,28,043,*6B
$GLGSV,2,2,08,76,22,168,,71,12,069,,70,07,022,,72,02,114,*6A
$QZGSV,1,1,01,01,00,042,*53
$GPGSA,A,1,,,,,,,,,,,,,140.0,99.0,99.0*35
$GNGSA,A,1,,,,,,,,,,,,,140.0,99.0,99.0*2B
$GNGSA,A,1,,,,,,,,,,,,,140.0,99.0,99.0*2B
$QZGSA,A,1,,,,,,,,,,,,,140.0,99.0,99.0*29
$IMGSA,A,1,,,,,,,,,,,,,140.0,99.0,99.0*26
$GPRMC,204522.92,V,,,,,,,050219,,,N*7A
$GPGGA,204523.92,4204.346727,N,01217.475718,E,1,05,4.8,164.5,M,45.4,M,,*63
$GPGSV,3,1,09,21,78,169,13,26,52,308,21,29,41,063,23,25,23,131,22*76
$GPGSV,3,2,09,05,13,044,20,31,40,230,,16,25,310,,20,15,162,*72
$GPGSV,3,3,09,27,05,269,*4D
$GLGSV,2,1,08,87,69,320,19,77,72,241,,88,33,254,,86,28,043,*65
$GLGSV,2,2,08,76,22,168,,71,12,069,,70,07,022,,72,02,114,*6A
$QZGSV,1,1,01,01,00,042,*53
$GPGSA,A,3,05,25,26,29,,,,,,,,,3.4,1.8,2.9*3A
$GNGSA,A,3,05,25,26,29,,,,,,,,,3.4,1.8,2.9*24
$GNGSA,A,3,87,,,,,,,,,,,,3.4,1.8,2.9*26
$QZGSA,A,3,,,,,,,,,,,,,3.4,1.8,2.9*2B
$IMGSA,A,3,,,,,,,,,,,,,3.4,1.8,2.9*24
$GPRMC,204523.92,A,4204.346727,N,01217.475718,E,003.1,,050219,,,A*78
$GPGGA,204524.92,4204.346750,N,01217.477970,E,1,05,4.8,167.9,M,45.4,M,,*69
$GPGSV,3,1,09,21,78,169,17,26,52,308,20,29,41,063,23,25,23,131,22*73
$GPGSV,3,2,09,05,13,044,20,31,40,230,,16,25,310,,20,15,162,*72
$GPGSV,3,3,09,27,05,269,*4D
$GLGSV,2,1,08,87,69,320,19,77,72,241,,88,33,254,,86,28,043,*65
$GLGSV,2,2,08,76,22,168,,71,12,069,,70,07,022,,72,02,114,*6A
$QZGSV,1,1,01,01,00,042,*53
$GPGSA,A,3,05,25,26,29,,,,,,,,,3.4,1.8,2.9*3A
$GNGSA,A,3,05,25,26,29,,,,,,,,,3.4,1.8,2.9*24
$GNGSA,A,3,87,,,,,,,,,,,,3.4,1.8,2.9*26
$QZGSA,A,3,,,,,,,,,,,,,3.4,1.8,2.9*2B
$IMGSA,A,3,,,,,,,,,,,,,3.4,1.8,2.9*24
$GPRMC,204524.92,A,4204.346750,N,01217.477970,E,001.8,,050219,,,A*76
$GPGGA,204525.92,4204.346299,N,01217.479178,E,1,06,4.8,168.2,M,45.4,M,,*61
$GPGSV,3,1,09,21,78,169,17,26,52,308,20,29,41,063,25,25,23,131,21*76
$GPGSV,3,2,09,05,13,044,22,31,40,230,,16,25,310,,20,15,162,*70
$GPGSV,3,3,09,27,05,269,*4D
$GLGSV,2,1,08,87,69,320,19,77,72,241,,88,33,254,,86,28,043,*65
$GLGSV,2,2,08,76,22,168,,71,12,069,,70,07,022,,72,02,114,*6A
$QZGSV,1,1,01,01,00,042,*53
$GPGSA,A,3,05,21,25,26,29,,,,,,,,3.0,1.8,2.5*31
$GNGSA,A,3,05,21,25,26,29,,,,,,,,3.0,1.8,2.5*2F
$GNGSA,A,3,87,,,,,,,,,,,,3.0,1.8,2.5*2E
$QZGSA,A,3,,,,,,,,,,,,,3.0,1.8,2.5*23
$IMGSA,A,3,,,,,,,,,,,,,3.0,1.8,2.5*2C
$GPRMC,204525.92,A,4204.346299,N,01217.479178,E,001.6,,050219,,,A*77
$GPGGA,204526.92,4204.344650,N,01217.488710,E,1,06,4.8,160.1,M,45.4,M,,*6C
$GPGSV,3,1,09,21,78,169,17,26,52,308,20,29,41,063,28,25,23,131,21*7B
$GPGSV,3,2,09,05,13,044,22,31,40,230,,16,25,310,,20,15,162,*70
$GPGSV,3,3,09,27,05,269,*4D
$GLGSV,2,1,08,87,69,320,18,77,72,241,,88,33,254,,86,28,043,*64
$GLGSV,2,2,08,76,22,168,,71,12,069,,70,07,022,,72,02,114,*6A
$QZGSV,1,1,01,01,00,042,*53
$GPGSA,A,3,05,21,25,26,29,,,,,,,,3.0,1.8,2.5*31
$GNGSA,A,3,05,21,25,26,29,,,,,,,,3.0,1.8,2.5*2F
$GNGSA,A,3,87,,,,,,,,,,,,3.0,1.8,2.5*2E
$QZGSA,A,3,,,,,,,,,,,,,3.0,1.8,2.5*23
$IMGSA,A,3,,,,,,,,,,,,,3.0,1.8,2.5*2C
$GPRMC,204526.92,A,4204.344650,N,01217.488710,E,000.0,,050219,,,A*76
$GPGGA,204527.92,4204.344650,N,01217.488710,E,1,06,4.8,162.5,M,45.4,M,,*6B
$GPGSV,3,1,09,21,78,169,17,26,52,308,20,29,41,063,28,25,23,131,21*7B
$GPGSV,3,2,09,05,13,044,22,31,40,230,,16,25,310,,20,15,162,*70
$GPGSV,3,3,09,27,05,269,*4D
$GLGSV,2,1,08,87,69,320,18,77,72,241,,88,33,254,,86,28,043,*64
$GLGSV,2,2,08,76,22,168,,71,12,069,,70,07,022,,72,02,114,*6A
$QZGSV,1,1,01,01,00,042,*53
$GPGSA,A,3,05,21,25,26,29,,,,,,,,3.0,1.8,2.5*31
$GNGSA,A,3,05,21,25,26,29,,,,,,,,3.0,1.8,2.5*2F
$GNGSA,A,3,87,,,,,,,,,,,,3.0,1.8,2.5*2E
$QZGSA,A,3,,,,,,,,,,,,,3.0,1.8,2.5*23
$IMGSA,A,3,,,,,,,,,,,,,3.0,1.8,2.5*2C
$GPRMC,204527.92,A,4204.344650,N,01217.488710,E,000.0,,050219,,,A*77
$GPGGA,204529.00,4204.344650,N,01217.488710,E,1,06,3.2,164.7,M,45.4,M,,*67
$GPGSV,3,1,09,21,78,169,17,26,52,308,20,29,41,063,28,25,23,131,21*7B
$GPGSV,3,2,09,05,13,044,22,31,40,230,,16,25,310,,20,15,162,*70
$GPGSV,3,3,09,27,05,269,*4D
$GLGSV,2,1,08,87,69,320,18,77,72,241,,88,33,254,,86,28,043,*64
$GLGSV,2,2,08,76,22,168,,71,12,069,,70,07,022,,72,02,114,*6A
$QZGSV,1,1,01,01,00,042,*53
$GPGSA,A,3,05,21,25,26,29,,,,,,,,3.0,1.8,2.5*31
$GNGSA,A,3,05,21,25,26,29,,,,,,,,3.0,1.8,2.5*2F
$GNGSA,A,3,87,,,,,,,,,,,,3.0,1.8,2.5*2E
$QZGSA,A,3,,,,,,,,,,,,,3.0,1.8,2.5*23
$IMGSA,A,3,,,,,,,,,,,,,3.0,1.8,2.5*2C
$GPRMC,204529.00,A,4204.344650,N,01217.488710,E,000.0,,050219,,,A*72
$GPGGA,204530.00,4204.344650,N,01217.488710,E,1,06,3.2,166.1,M,45.4,M,,*6B
$GPGSV,3,1,09,21,78,169,17,26,52,308,20,29,41,063,27,25,23,131,21*74
$GPGSV,3,2,09,05,13,044,21,31,40,230,,16,25,310,,20,15,162,*73
$GPGSV,3,3,09,27,05,269,*4D
$GLGSV,2,1,08,87,69,320,18,77,72,240,,88,33,254,,86,28,043,*65
$GLGSV,2,2,08,76,22,168,,71,12,069,,70,07,022,,72,02,114,*6A
$QZGSV,1,1,01,01,00,042,*53
$GPGSA,A,3,05,21,25,26,29,,,,,,,,3.1,1.8,2.5*30
$GNGSA,A,3,05,21,25,26,29,,,,,,,,3.1,1.8,2.5*2E
$GNGSA,A,3,87,,,,,,,,,,,,3.1,1.8,2.5*2F
$QZGSA,A,3,,,,,,,,,,,,,3.1,1.8,2.5*22
$IMGSA,A,3,,,,,,,,,,,,,3.1,1.8,2.5*2D
$GPRMC,204530.00,A,4204.344650,N,01217.488710,E,000.0,,050219,,,A*7A
$GPGGA,204531.00,4204.344989,N,01217.490595,E,1,06,3.2,169.4,M,45.4,M,,*6D
$GPGSV,3,1,09,21,78,169,17,26,52,308,19,29,41,063,26,25,23,131,21*7F
$GPGSV,3,2,09,05,13,044,21,31,40,230,,16,25,310,,20,15,162,*73
$GPGSV,3,3,09,27,05,269,*4D
$GLGSV,2,1,08,87,69,320,17,77,72,240,,88,33,254,,86,28,043,*6A
$GLGSV,2,2,08,76,22,168,,71,12,069,,70,07,022,,72,02,114,*6A
$QZGSV,1,1,01,01,00,042,*53
$GPGSA,A,3,05,21,25,26,29,,,,,,,,3.0,1.8,2.5*31
$GNGSA,A,3,05,21,25,26,29,,,,,,,,3.0,1.8,2.5*2F
$GNGSA,A,3,87,,,,,,,,,,,,3.0,1.8,2.5*2E
$QZGSA,A,3,,,,,,,,,,,,,3.0,1.8,2.5*23
$IMGSA,A,3,,,,,,,,,,,,,3.0,1.8,2.5*2C
$GPRMC,204531.00,A,4204.344989,N,01217.490595,E,001.3,,050219,,,A*74
$GPGGA,204532.00,4204.345293,N,01217.490129,E,1,07,3.2,171.6,M,45.4,M,,*66
$GPGSV,3,1,09,21,78,169,16,26,52,308,19,29,41,063,26,31,40,230,12*7C
$GPGSV,3,2,09,25,23,131,20,05,13,044,20,16,25,310,,20,15,162,*72
$GPGSV,3,3,09,27,05,269,*4D
$GLGSV,2,1,08,87,69,320,17,77,72,240,,88,33,254,,86,28,043,*6A
$GLGSV,2,2,08,76,22,168,,71,12,069,,70,07,022,,72,02,114,*6A
$QZGSV,1,1,01,01,00,042,*53
$GPGSA,A,3,05,21,25,26,29,31,,,,,,,3.4,1.8,2.9*3B
$GNGSA,A,3,05,21,25,26,29,31,,,,,,,3.4,1.8,2.9*25
$GNGSA,A,3,87,,,,,,,,,,,,3.4,1.8,2.9*26
$QZGSA,A,3,,,,,,,,,,,,,3.4,1.8,2.9*2B
$IMGSA,A,3,,,,,,,,,,,,,3.4,1.8,2.9*24
$GPRMC,204532.00,A,4204.345293,N,01217.490129,E,002.0,,050219,,,A*75
$GPGGA,204533.00,4204.345293,N,01217.490129,E,1,06,3.2,174.5,M,45.4,M,,*60
$GPGSV,3,1,09,21,78,169,16,26,52,308,19,29,41,063,25,31,40,230,12*7F
$GPGSV,3,2,09,25,23,131,20,05,13,044,20,16,25,310,,20,15,162,*72
$GPGSV,3,3,09,27,05,269,*4D
$GLGSV,2,1,08,87,69,320,17,77,72,240,,88,33,254,,86,28,043,*6A
$GLGSV,2,2,08,76,22,168,,71,12,069,,70,07,022,,72,02,114,*6A
$QZGSV,1,1,01,01,00,042,*53
$GPGSA,A,3,05,21,25,26,29,,,,,,,,3.4,1.8,2.9*39
$GNGSA,A,3,05,21,25,26,29,,,,,,,,3.4,1.8,2.9*27
$GNGSA,A,3,87,,,,,,,,,,,,3.4,1.8,2.9*26
$QZGSA,A,3,,,,,,,,,,,,,3.4,1.8,2.9*2B
$IMGSA,A,3,,,,,,,,,,,,,3.4,1.8,2.9*24
$GPRMC,204533.00,A,4204.345293,N,01217.490129,E,000.0,,050219,,,A*76
$GPGGA,204534.00,4204.345473,N,01217.490697,E,1,06,3.2,176.9,M,45.4,M,,*63
$GPGSV,3,1,09,21,78,169,16,26,52,308,19,29,41,063,25,31,40,230,11*7C
$GPGSV,3,2,09,25,23,131,20,05,13,044,20,16,25,310,,20,15,162,*72
$GPGSV,3,3,09,27,05,269,*4D
$GLGSV,2,1,08,87,69,320,18,77,72,240,,88,33,254,,86,28,043,*65
$GLGSV,2,2,08,76,22,168,,71,12,069,,70,07,022,,72,02,114,*6A
$QZGSV,1,1,01,01,00,042,*53
$GPGSA,A,3,05,21,25,26,29,,,,,,,,3.4,1.8,2.9*39
$GNGSA,A,3,05,21,25,26,29,,,,,,,,3.4,1.8,2.9*27
$GNGSA,A,3,87,,,,,,,,,,,,3.4,1.8,2.9*26
$QZGSA,A,3,,,,,,,,,,,,,3.4,1.8,2.9*2B
$IMGSA,A,3,,,,,,,,,,,,,3.4,1.8,2.9*24
$GPRMC,204534.00,A,4204.345473,N,01217.490697,E,001.2,,050219,,,A*78
$GPGGA,204535.00,4204.344957,N,01217.490043,E,1,06,3.2,177.3,M,45.4,M,,*6C
$GPGSV,3,1,09,21,78,169,16,26,52,308,19,29,41,063,24,31,40,230,11*7D
$GPGSV,3,2,09,25,23,131,20,05,13,044,19,16,25,310,,20,15,162,*78
$GPGSV,3,3,09,27,05,269,*4D
$GLGSV,2,1,08,87,69,320,17,77,72,240,,88,33,254,,86,28,043,*6A
$GLGSV,2,2,08,76,22,168,,71,12,069,,70,07,022,,72,02,114,*6A
$QZGSV,1,1,01,01,00,042,*53
$GPGSA,A,3,05,21,25,26,29,,,,,,,,7.3,2.9,6.7*32
$GNGSA,A,3,05,21,25,26,29,,,,,,,,7.3,2.9,6.7*2C
$GNGSA,A,3,87,,,,,,,,,,,,7.3,2.9,6.7*2D
$QZGSA,A,3,,,,,,,,,,,,,7.3,2.9,6.7*20
$IMGSA,A,3,,,,,,,,,,,,,7.3,2.9,6.7*2F
$GPRMC,204535.00,A,4204.344957,N,01217.490043,E,,,050219,,,A*51
$GPGGA,204536.00,4204.344563,N,01217.489368,E,1,06,3.2,177.6,M,45.4,M,,*63
$GPGSV,3,1,09,21,78,169,16,26,52,308,18,29,41,063,24,31,40,230,11*7C
$GPGSV,3,2,09,25,23,131,19,05,13,044,19,16,25,310,,20,15,162,*72
$GPGSV,3,3,09,27,05,269,*4D
$GLGSV,2,1,08,87,69,320,17,77,72,240,,88,33,254,,86,27,043,*65
$GLGSV,2,2,08,76,22,168,,71,12,069,,70,07,022,,72,02,114,*6A
$QZGSV,1,1,01,01,00,042,*53
$GPGSA,A,3,05,21,25,26,29,,,,,,,,7.3,2.9,6.7*32
$GNGSA,A,3,05,21,25,26,29,,,,,,,,7.3,2.9,6.7*2C
$GNGSA,A,3,87,,,,,,,,,,,,7.3,2.9,6.7*2D
$QZGSA,A,3,,,,,,,,,,,,,7.3,2.9,6.7*20
$IMGSA,A,3,,,,,,,,,,,,,7.3,2.9,6.7*2F
$GPRMC,204536.00,A,4204.344563,N,01217.489368,E,,,050219,,,A*5B
$GPGGA,204537.00,4204.343841,N,01217.489065,E,1,06,3.2,177.2,M,45.4,M,,*62
$GPGSV,3,1,09,21,78,169,16,26,52,308,18,29,41,063,23,31,40,230,11*7B
$GPGSV,3,2,09,25,23,131,19,05,13,043,19,16,25,310,,20,15,162,*75
$GPGSV,3,3,09,27,05,269,*4D
$GLGSV,2,1,08,87,69,320,17,77,72,240,,88,33,254,,86,27,043,*65
$GLGSV,2,2,08,76,22,168,,71,12,069,,70,07,022,,72,02,114,*6A
$QZGSV,1,1,01,01,00,042,*53
$GPGSA,A,3,05,21,25,26,29,,,,,,,,3.7,2.0,3.2*3B
$GNGSA,A,3,05,21,25,26,29,,,,,,,,3.7,2.0,3.2*25
$GNGSA,A,3,87,,,,,,,,,,,,3.7,2.0,3.2*24
$QZGSA,A,3,,,,,,,,,,,,,3.7,2.0,3.2*29
$IMGSA,A,3,,,,,,,,,,,,,3.7,2.0,3.2*26
$GPRMC,204537.00,A,4204.343841,N,01217.489065,E,001.8,,050219,,,A*79
