$GPGGA,100801.00,4155.817241,N,01236.696505,E,1,18,3.2,59.3,M,45.0,M,,*51
$GPGSV,3,1,11,13,79,124,19,15,63,296,26,28,44,050,35,24,30,281,24*71
$GPGSV,3,2,11,17,30,111,41,19,19,139,36,30,16,079,43,05,15,196,27*70
$GPGSV,3,3,11,20,13,315,18,12,04,217,,11,00,045,*45
$GLGSV,3,1,09,66,65,219,18,76,60,014,28,67,41,318,21,77,38,264,17*66
$GLGSV,3,2,09,75,22,049,41,85,16,058,42,65,13,170,16,86,07,111,36*6B
$GLGSV,3,3,09,84,04,008,*5C
$GPGSA,A,3,05,13,15,17,19,20,24,28,30,,,,1.5,0.9,1.2*3C
$GNGSA,A,3,05,13,15,17,19,20,24,28,30,,,,1.5,0.9,1.2*22
$GNGSA,A,3,65,66,67,75,76,77,85,86,,,,,1.5,0.9,1.2*20
$QZGSA,A,3,,,,,,,,,,,,,1.5,0.9,1.2*20
$IMGSA,A,3,,,,,,,,,,,,,1.5,0.9,1.2*2F
$GPRMC,100801.00,A,4155.817241,N,01236.696505,E,000.1,,200319,,,A*73
$GPGGA,100802.00,4155.817224,N,01236.696454,E,1,17,3.2,59.3,M,45.0,M,,*5B
$GPGSV,3,1,11,13,79,124,19,15,63,296,26,28,44,050,35,24,30,281,24*71
$GPGSV,3,2,11,17,30,111,41,19,19,139,36,30,16,079,43,05,15,196,27*70
$GPGSV,3,3,11,20,13,315,18,12,04,217,,11,00,045,*45
$GLGSV,3,1,09,66,65,219,18,76,60,014,28,67,41,318,20,77,38,264,17*67
$GLGSV,3,2,09,75,22,049,41,85,16,058,42,65,13,170,18,86,07,111,36*65
$GLGSV,3,3,09,84,04,008,*5C
$GPGSA,A,3,05,13,15,17,19,20,24,28,30,,,,1.9,1.0,1.6*3C
$GNGSA,A,3,05,13,15,17,19,20,24,28,30,,,,1.9,1.0,1.6*22
$GNGSA,A,3,65,66,67,75,76,77,85,86,,,,,1.9,1.0,1.6*20
$QZGSA,A,3,,,,,,,,,,,,,1.9,1.0,1.6*20
$IMGSA,A,3,,,,,,,,,,,,,1.9,1.0,1.6*2F
$GPRMC,100802.00,A,4155.817224,N,01236.696454,E,000.0,,200319,,,A*77
$GPGGA,100803.00,4155.817213,N,01236.696472,E,1,18,3.2,59.3,M,45.0,M,,*55
$GPGSV,3,1,11,13,79,124,19,15,63,296,25,28,44,050,35,24,30,281,24*72
$GPGSV,3,2,11,17,30,111,41,19,19,139,36,30,16,079,43,05,15,196,27*70
$GPGSV,3,3,11,20,13,315,17,12,04,217,,11,00,045,*4A
$GLGSV,3,1,09,66,65,219,18,76,60,014,28,67,41,318,20,77,38,264,16*66
$GLGSV,3,2,09,75,22,049,41,85,16,058,42,65,13,170,19,86,07,111,36*64
$GLGSV,3,3,09,84,04,008,*5C
$GPGSA,A,3,05,13,15,17,19,20,24,28,30,,,,2.2,1.1,1.9*3A
$GNGSA,A,3,05,13,15,17,19,20,24,28,30,,,,2.2,1.1,1.9*24
$GNGSA,A,3,65,66,67,75,76,85,86,,,,,,2.2,1.1,1.9*26
$QZGSA,A,3,,,,,,,,,,,,,2.2,1.1,1.9*26
$IMGSA,A,3,,,,,,,,,,,,,2.2,1.1,1.9*29
$GPRMC,100803.00,A,4155.817213,N,01236.696472,E,000.0,,200319,,,A*76
$GPGGA,100804.00,4155.817210,N,01236.696466,E,1,19,3.2,59.3,M,45.0,M,,*55
$GPGSV,3,1,11,13,79,124,20,15,63,296,25,28,44,050,35,24,30,281,24*78
$GPGSV,3,2,11,17,30,111,41,19,19,139,36,30,16,079,43,05,15,196,27*70
$GPGSV,3,3,11,20,13,315,17,12,04,217,,11,00,045,*4A
$GLGSV,3,1,09,66,65,219,18,76,60,014,27,67,41,318,20,77,38,264,16*69
$GLGSV,3,2,09,75,22,049,41,85,16,058,42,65,13,170,18,86,07,111,36*65
$GLGSV,3,3,09,84,04,008,*5C
$GPGSA,A,3,05,13,15,17,19,20,24,28,30,,,,2.2,1.0,2.0*31
$GNGSA,A,3,05,13,15,17,19,20,24,28,30,,,,2.2,1.0,2.0*2F
$GNGSA,A,3,65,66,67,75,76,77,85,86,,,,,2.2,1.0,2.0*2D
$QZGSA,A,3,,,,,,,,,,,,,2.2,1.0,2.0*2D
$IMGSA,A,3,,,,,,,,,,,,,2.2,1.0,2.0*22
$GPRMC,100804.00,A,4155.817210,N,01236.696466,E,000.0,,200319,,,A*77
$GPGGA,100805.00,4155.817189,N,01236.696483,E,1,17,3.2,59.3,M,45.0,M,,*52
$GPGSV,3,1,11,13,79,124,20,15,63,296,25,28,44,050,35,24,30,281,24*78
$GPGSV,3,2,11,17,30,111,41,19,19,139,36,30,16,079,43,05,15,196,27*70
$GPGSV,3,3,11,20,13,315,,12,04,217,,11,00,045,*4C
$GLGSV,3,1,09,66,65,219,18,76,60,014,27,67,41,318,20,77,38,264,16*69
$GLGSV,3,2,09,75,22,049,41,85,16,058,42,65,13,170,17,86,07,111,36*6A
$GLGSV,3,3,09,84,04,008,*5C
$GPGSA,A,3,05,13,15,17,19,24,28,30,,,,,2.2,1.1,2.0*32
$GNGSA,A,3,05,13,15,17,19,24,28,30,,,,,2.2,1.1,2.0*2C
$GNGSA,A,3,65,66,67,75,76,77,85,86,,,,,2.2,1.1,2.0*2C
$QZGSA,A,3,,,,,,,,,,,,,2.2,1.1,2.0*2C
$IMGSA,A,3,,,,,,,,,,,,,2.2,1.1,2.0*23
$GPRMC,100805.00,A,4155.817189,N,01236.696483,E,000.0,,200319,,,A*7E
$GPGGA,100806.00,4155.817170,N,01236.696510,E,1,18,3.2,59.3,M,45.0,M,,*53
$GPGSV,3,1,11,13,79,124,20,15,63,296,25,28,44,050,35,24,30,281,23*7F
$GPGSV,3,2,11,17,30,111,41,19,19,139,36,30,16,079,43,05,15,196,27*70
$GPGSV,3,3,11,20,13,315,16,12,04,217,,11,00,045,*4B
$GLGSV,3,1,09,66,65,219,17,76,60,014,27,67,41,318,20,77,38,264,16*66
$GLGSV,3,2,09,75,22,049,41,85,16,058,42,65,13,170,17,86,07,111,37*6B
$GLGSV,3,3,09,84,04,008,*5C
$GPGSA,A,3,05,13,15,17,19,24,28,30,,,,,2.4,1.1,2.2*36
$GNGSA,A,3,05,13,15,17,19,24,28,30,,,,,2.4,1.1,2.2*28
$GNGSA,A,3,65,66,67,75,76,77,85,86,,,,,2.4,1.1,2.2*28
$QZGSA,A,3,,,,,,,,,,,,,2.4,1.1,2.2*28
$IMGSA,A,3,,,,,,,,,,,,,2.4,1.1,2.2*27
$GPRMC,100806.00,A,4155.817170,N,01236.696510,E,000.0,,200319,,,A*70
$GPGGA,100807.00,4155.817160,N,01236.696538,E,1,19,3.2,59.3,M,45.0,M,,*58
$GPGSV,3,1,11,13,79,124,20,15,63,296,24,28,44,050,34,24,30,281,23*7F
$GPGSV,3,2,11,17,30,111,41,19,19,139,36,30,16,079,43,05,15,196,27*70
$GPGSV,3,3,11,20,13,315,21,12,04,217,,11,00,045,*4F
$GLGSV,3,1,09,66,65,219,20,76,60,014,26,67,41,318,20,77,38,264,16*63
$GLGSV,3,2,09,75,22,049,41,85,16,058,42,65,13,170,18,86,07,111,37*64
$GLGSV,3,3,09,84,04,008,*5C
$GPGSA,A,3,05,13,15,17,19,20,24,28,30,,,,1.8,1.0,1.5*3E
$GNGSA,A,3,05,13,15,17,19,20,24,28,30,,,,1.8,1.0,1.5*20
$GNGSA,A,3,65,66,67,75,76,77,85,86,,,,,1.8,1.0,1.5*22
$QZGSA,A,3,,,,,,,,,,,,,1.8,1.0,1.5*22
$IMGSA,A,3,,,,,,,,,,,,,1.8,1.0,1.5*2D
$GPRMC,100807.00,A,4155.817160,N,01236.696538,E,000.0,,200319,,,A*7A
$GPGGA,100808.00,4155.817142,N,01236.696590,E,1,19,3.2,59.3,M,45.0,M,,*55
$GPGSV,3,1,11,13,79,124,20,15,63,296,24,28,44,050,34,24,31,281,23*7E
$GPGSV,3,2,11,17,30,111,41,19,19,139,37,30,16,079,43,05,15,196,27*71
$GPGSV,3,3,11,20,13,315,20,12,04,217,,11,00,045,*4E
$GLGSV,3,1,09,66,65,219,21,76,60,014,26,67,41,318,20,77,38,264,16*62
$GLGSV,3,2,09,75,22,049,41,85,16,058,42,65,13,170,18,86,07,111,37*64
$GLGSV,3,3,09,84,04,008,*5C
$GPGSA,A,3,05,13,15,17,19,20,24,28,30,,,,1.8,1.0,1.5*3E
$GNGSA,A,3,05,13,15,17,19,20,24,28,30,,,,1.8,1.0,1.5*20
$GNGSA,A,3,65,66,67,75,76,77,85,86,,,,,1.8,1.0,1.5*22
$QZGSA,A,3,,,,,,,,,,,,,1.8,1.0,1.5*22
$IMGSA,A,3,,,,,,,,,,,,,1.8,1.0,1.5*2D
$GPRMC,100808.00,A,4155.817142,N,01236.696590,E,000.0,,200319,,,A*77
$GPGGA,100809.00,4155.817132,N,01236.696597,E,1,19,3.2,59.3,M,45.0,M,,*54
$GPGSV,3,1,11,13,79,124,20,15,63,296,23,28,44,050,34,24,31,281,23*79
$GPGSV,3,2,11,17,30,111,41,19,19,139,37,30,16,079,43,05,15,196,27*71
$GPGSV,3,3,11,20,13,315,20,12,04,217,,11,00,045,*4E
$GLGSV,3,1,09,66,65,219,21,76,60,014,25,67,41,318,20,77,38,264,16*61
$GLGSV,3,2,09,75,22,049,40,85,16,058,42,65,13,170,22,86,07,111,37*6C
$GLGSV,3,3,09,84,04,008,*5C
$GPGSA,A,3,05,13,15,17,19,20,24,28,30,,,,1.7,1.0,1.4*30
$GNGSA,A,3,05,13,15,17,19,20,24,28,30,,,,1.7,1.0,1.4*2E
$GNGSA,A,3,65,66,67,75,76,77,85,86,,,,,1.7,1.0,1.4*2C
$QZGSA,A,3,,,,,,,,,,,,,1.7,1.0,1.4*2C
$IMGSA,A,3,,,,,,,,,,,,,1.7,1.0,1.4*23
$GPRMC,100809.00,A,4155.817132,N,01236.696597,E,000.0,,200319,,,A*76
$GPGGA,100810.00,4155.817124,N,01236.696604,E,1,19,3.2,59.3,M,45.0,M,,*52
$GPGSV,3,1,11,13,79,124,20,15,63,296,23,28,44,050,34,24,31,281,23*79
$GPGSV,3,2,11,17,30,111,41,19,19,139,36,30,16,079,43,05,15,196,27*70
$GPGSV,3,3,11,20,13,315,19,12,04,217,,11,00,045,*44
$GLGSV,3,1,09,66,65,219,20,76,60,014,25,67,41,318,19,77,38,264,16*6A
$GLGSV,3,2,09,75,22,049,40,85,16,058,42,65,13,170,22,86,07,111,37*6C
$GLGSV,3,3,09,84,04,008,*5C
$GPGSA,A,3,05,13,15,17,19,20,24,28,30,,,,2.8,1.7,2.2*3E
$GNGSA,A,3,05,13,15,17,19,20,24,28,30,,,,2.8,1.7,2.2*20
$GNGSA,A,3,65,66,67,75,76,77,85,86,,,,,2.8,1.7,2.2*22
$QZGSA,A,3,,,,,,,,,,,,,2.8,1.7,2.2*22
$IMGSA,A,3,,,,,,,,,,,,,2.8,1.7,2.2*2D
$GPRMC,100810.00,A,4155.817124,N,01236.696604,E,000.0,,200319,,,A*70
$GPGGA,100811.00,4155.817118,N,01236.696570,E,1,18,3.2,59.3,M,45.0,M,,*5D
$GPGSV,3,1,11,13,79,124,20,15,63,296,23,28,44,050,34,24,31,281,23*79
$GPGSV,3,2,11,17,30,111,41,19,19,139,36,30,16,079,43,05,15,196,27*70
$GPGSV,3,3,11,20,13,315,18,12,04,217,,11,00,045,*45
$GLGSV,3,1,09,66,65,219,20,76,60,014,25,67,41,318,19,77,38,264,16*6A
$GLGSV,3,2,09,75,22,049,40,85,16,058,42,65,13,170,21,86,07,111,37*6F
$GLGSV,3,3,09,84,04,008,*5C
$GPGSA,A,3,05,13,15,17,19,24,28,30,,,,,1.8,1.0,1.5*3C
$GNGSA,A,3,05,13,15,17,19,24,28,30,,,,,1.8,1.0,1.5*22
$GNGSA,A,3,65,66,67,75,76,77,85,86,,,,,1.8,1.0,1.5*22
$QZGSA,A,3,,,,,,,,,,,,,1.8,1.0,1.5*22
$IMGSA,A,3,,,,,,,,,,,,,1.8,1.0,1.5*2D
$GPRMC,100811.00,A,4155.817118,N,01236.696570,E,000.0,,200319,,,A*7E
$GPGGA,100812.00,4155.817112,N,01236.696549,E,1,18,3.2,59.3,M,45.0,M,,*5E
$GPGSV,3,1,11,13,79,124,19,15,63,296,22,28,44,050,34,24,31,281,23*72
$GPGSV,3,2,11,17,30,111,41,19,19,139,36,30,16,079,43,05,15,196,28*7F
$GPGSV,3,3,11,20,13,315,17,12,04,217,,11,00,045,*4A
$GLGSV,3,1,09,66,65,219,21,76,60,014,24,67,41,318,19,77,38,264,16*6A
$GLGSV,3,2,09,75,22,049,40,85,16,058,42,65,13,170,21,86,07,111,37*6F
$GLGSV,3,3,09,84,04,008,*5C
$GPGSA,A,3,05,13,15,17,19,24,28,30,,,,,1.8,1.0,1.5*3C
$GNGSA,A,3,05,13,15,17,19,24,28,30,,,,,1.8,1.0,1.5*22
$GNGSA,A,3,65,66,67,75,76,77,85,86,,,,,1.8,1.0,1.5*22
$QZGSA,A,3,,,,,,,,,,,,,1.8,1.0,1.5*22
$IMGSA,A,3,,,,,,,,,,,,,1.8,1.0,1.5*2D
$GPRMC,100812.00,A,4155.817112,N,01236.696549,E,000.0,,200319,,,A*7D
$GPGGA,100813.00,4155.817107,N,01236.696526,E,1,19,3.2,59.3,M,45.0,M,,*53
$GPGSV,3,1,11,13,79,124,19,15,63,296,22,28,44,050,34,24,31,281,22*73
$GPGSV,3,2,11,17,30,111,42,19,19,139,36,30,16,079,42,05,15,196,28*7D
$GPGSV,3,3,11,20,13,315,21,12,04,217,,11,00,045,*4F
$GLGSV,3,1,09,66,65,219,21,76,60,014,24,67,41,318,18,77,38,264,15*68
$GLGSV,3,2,09,75,22,049,40,85,16,058,42,65,13,170,22,86,07,111,37*6C
$GLGSV,3,3,09,84,04,008,*5C
$GPGSA,A,3,05,13,15,17,19,20,24,28,30,,,,1.8,1.0,1.5*3E
$GNGSA,A,3,05,13,15,17,19,20,24,28,30,,,,1.8,1.0,1.5*20
$GNGSA,A,3,65,66,67,75,76,77,85,86,,,,,1.8,1.0,1.5*22
$QZGSA,A,3,,,,,,,,,,,,,1.8,1.0,1.5*22
$IMGSA,A,3,,,,,,,,,,,,,1.8,1.0,1.5*2D
$GPRMC,100813.00,A,4155.817107,N,01236.696526,E,000.0,,200319,,,A*71
$GPGGA,100814.00,4155.817101,N,01236.696504,E,1,18,3.2,59.3,M,45.0,M,,*53
$GPGSV,3,1,11,13,79,124,19,15,63,296,22,28,44,050,34,24,31,281,22*73
$GPGSV,3,2,11,17,30,111,42,19,19,139,36,30,16,079,42,05,15,196,28*7D
$GPGSV,3,3,11,20,13,315,20,12,04,217,,11,00,045,*4E
$GLGSV,3,1,09,66,65,219,21,76,60,014,23,67,41,318,18,77,38,264,15*6F
$GLGSV,3,2,09,75,22,049,40,85,16,058,42,65,13,170,22,86,07,111,37*6C
$GLGSV,3,3,09,84,04,008,*5C
$GPGSA,A,3,05,13,15,17,19,24,28,30,,,,,2.3,1.1,2.0*33
$GNGSA,A,3,05,13,15,17,19,24,28,30,,,,,2.3,1.1,2.0*2D
$GNGSA,A,3,65,66,67,75,76,77,85,86,,,,,2.3,1.1,2.0*2D
$QZGSA,A,3,,,,,,,,,,,,,2.3,1.1,2.0*2D
$IMGSA,A,3,,,,,,,,,,,,,2.3,1.1,2.0*22
$GPRMC,100814.00,A,4155.817101,N,01236.696504,E,000.0,,200319,,,A*70
$GPGGA,100815.00,4155.817098,N,01236.696483,E,1,17,3.2,59.3,M,45.0,M,,*52
$GPGSV,3,1,11,13,79,124,18,15,63,296,21,28,44,050,34,24,31,281,22*71
$GPGSV,3,2,11,17,30,111,42,19,19,139,36,30,16,079,42,05,15,196,28*7D
$GPGSV,3,3,11,20,13,315,,12,04,217,,11,00,045,*4C
$GLGSV,3,1,09,66,65,219,21,76,60,014,23,67,41,318,17,77,38,264,15*60
$GLGSV,3,2,09,75,22,049,40,85,16,058,42,65,13,170,24,86,07,111,37*6A
$GLGSV,3,3,09,84,04,008,*5C
$GPGSA,A,3,05,13,15,17,19,24,28,30,,,,,2.3,1.1,2.0*33
$GNGSA,A,3,05,13,15,17,19,24,28,30,,,,,2.3,1.1,2.0*2D
$GNGSA,A,3,65,66,67,75,76,85,86,,,,,,2.3,1.1,2.0*2D
$QZGSA,A,3,,,,,,,,,,,,,2.3,1.1,2.0*2D
$IMGSA,A,3,,,,,,,,,,,,,2.3,1.1,2.0*22
$GPRMC,100815.00,A,4155.817098,N,01236.696483,E,000.0,,200319,,,A*7E
$GPGGA,100816.00,4155.817094,N,01236.696461,E,1,16,3.2,59.3,M,45.0,M,,*50
$GPGSV,3,1,11,13,79,125,17,15,63,296,21,28,44,050,34,24,31,281,22*7F
$GPGSV,3,2,11,17,30,111,42,19,19,139,37,30,16,079,42,05,15,196,28*7C
$GPGSV,3,3,11,20,13,315,,12,04,217,,11,00,045,*4C
$GLGSV,3,1,09,66,65,219,20,76,60,014,23,67,41,318,17,77,38,264,15*61
$GLGSV,3,2,09,75,22,049,40,85,16,058,42,65,13,170,23,86,07,111,36*6C
$GLGSV,3,3,09,84,04,008,*5C
$GPGSA,A,3,05,15,17,19,24,28,30,,,,,,2.3,1.1,2.0*31
$GNGSA,A,3,05,15,17,19,24,28,30,,,,,,2.3,1.1,2.0*2F
$GNGSA,A,3,65,66,67,75,76,85,86,,,,,,2.3,1.1,2.0*2D
$QZGSA,A,3,,,,,,,,,,,,,2.3,1.1,2.0*2D
$IMGSA,A,3,,,,,,,,,,,,,2.3,1.1,2.0*22
$GPRMC,100816.00,A,4155.817094,N,01236.696461,E,000.0,,200319,,,A*7D
$GPGGA,100817.00,4155.817090,N,01236.696430,E,1,18,3.2,59.3,M,45.0,M,,*5F
$GPGSV,3,1,11,13,79,125,16,15,63,296,21,28,44,050,33,24,31,281,21*7A
$GPGSV,3,2,11,17,30,111,42,19,19,139,37,30,16,079,42,05,15,196,28*7C
$GPGSV,3,3,11,20,13,315,17,12,04,217,,11,00,045,*4A
$GLGSV,3,1,09,66,65,219,20,76,60,014,23,67,41,318,17,77,38,264,15*61
$GLGSV,3,2,09,75,22,049,40,85,16,058,42,65,13,170,23,86,07,111,36*6C
$GLGSV,3,3,09,84,04,008,*5C
$GPGSA,A,3,05,15,17,19,20,24,28,30,,,,,2.3,1.1,2.0*33
$GNGSA,A,3,05,15,17,19,20,24,28,30,,,,,2.3,1.1,2.0*2D
$GNGSA,A,3,65,66,67,75,76,77,85,86,,,,,2.3,1.1,2.0*2D
$QZGSA,A,3,,,,,,,,,,,,,2.3,1.1,2.0*2D
$IMGSA,A,3,,,,,,,,,,,,,2.3,1.1,2.0*22
$GPRMC,100817.00,A,4155.817090,N,01236.696430,E,000.0,,200319,,,A*7C
$GPGGA,100818.00,4155.817080,N,01236.696413,E,1,17,3.2,59.3,M,45.0,M,,*5F
$GPGSV,3,1,11,13,79,125,17,15,63,296,21,28,44,050,33,24,31,281,21*7B
$GPGSV,3,2,11,17,30,111,42,19,19,139,37,30,16,079,42,05,15,196,27*73
$GPGSV,3,3,11,20,13,315,17,12,04,217,,11,00,045,*4A
$GLGSV,3,1,09,66,65,219,20,76,60,014,23,67,41,318,17,77,38,264,15*61
$GLGSV,3,2,09,75,22,049,40,85,16,058,41,65,13,170,22,86,07,111,36*6E
$GLGSV,3,3,09,84,04,008,*5C
$GPGSA,A,3,05,13,15,17,19,24,28,30,,,,,2.3,1.1,2.0*33
$GNGSA,A,3,05,13,15,17,19,24,28,30,,,,,2.3,1.1,2.0*2D
$GNGSA,A,3,65,66,67,75,76,85,86,,,,,,2.3,1.1,2.0*2D
$QZGSA,A,3,,,,,,,,,,,,,2.3,1.1,2.0*2D
$IMGSA,A,3,,,,,,,,,,,,,2.3,1.1,2.0*22
$GPRMC,100818.00,A,4155.817080,N,01236.696413,E,000.0,,200319,,,A*73
$GPGGA,100819.00,4155.817083,N,01236.696384,E,1,17,3.2,59.3,M,45.0,M,,*54
$GPGSV,3,1,11,13,79,125,18,15,63,296,21,28,44,050,33,24,31,281,21*74
$GPGSV,3,2,11,17,30,111,42,19,19,139,37,30,16,079,42,05,15,196,27*73
$GPGSV,3,3,11,20,13,315,,12,04,217,,11,00,045,*4C
$GLGSV,3,1,09,66,65,219,19,76,60,014,24,67,41,318,16,77,38,264,14*6C
$GLGSV,3,2,09,75,22,049,40,85,16,058,41,65,13,170,22,86,07,111,36*6E
$GLGSV,3,3,09,84,04,008,*5C
$GPGSA,A,3,05,13,15,17,19,24,28,30,,,,,2.3,1.1,2.0*33
$GNGSA,A,3,05,13,15,17,19,24,28,30,,,,,2.3,1.1,2.0*2D
$GNGSA,A,3,65,66,67,75,76,85,86,,,,,,2.3,1.1,2.0*2D
$QZGSA,A,3,,,,,,,,,,,,,2.3,1.1,2.0*2D
$IMGSA,A,3,,,,,,,,,,,,,2.3,1.1,2.0*22
$GPRMC,100819.00,A,4155.817083,N,01236.696384,E,000.0,,200319,,,A*78
$GPGGA,100820.00,4155.817089,N,01236.696354,E,1,17,3.2,59.3,M,45.0,M,,*59
$GPGSV,3,1,11,13,79,125,17,15,63,296,21,28,44,050,33,24,31,281,21*7B
$GPGSV,3,2,11,17,30,111,42,19,19,139,37,30,16,079,42,05,15,196,27*73
$GPGSV,3,3,11,20,13,315,,12,04,217,,11,00,045,*4C
$GLGSV,3,1,09,66,65,219,22,76,60,014,25,67,41,318,16,77,38,264,14*65
$GLGSV,3,2,09,75,22,049,40,85,16,058,41,65,13,170,22,86,07,111,36*6E
$GLGSV,3,3,09,84,04,008,*5C
$GPGSA,A,3,05,15,17,19,24,28,30,,,,,,2.0,1.1,1.7*36
$GNGSA,A,3,05,15,17,19,24,28,30,,,,,,2.0,1.1,1.7*28
$GNGSA,A,3,65,66,67,75,76,77,85,86,,,,,2.0,1.1,1.7*2A
$QZGSA,A,3,,,,,,,,,,,,,2.0,1.1,1.7*2A
$IMGSA,A,3,,,,,,,,,,,,,2.0,1.1,1.7*25
$GPRMC,100820.00,A,4155.817089,N,01236.696354,E,000.0,,200319,,,A*75
$GPGGA,100821.00,4155.817095,N,01236.696319,E,1,18,3.2,59.3,M,45.0,M,,*53
$GPGSV,3,1,11,13,79,125,,15,63,296,21,28,44,050,33,24,31,281,21*7D
$GPGSV,3,2,11,17,30,111,42,19,20,139,37,30,16,079,42,05,15,196,27*79
$GPGSV,3,3,11,20,13,315,16,12,04,217,,11,00,045,*4B
$GLGSV,3,1,09,66,65,219,21,76,60,014,25,67,41,318,16,77,38,264,14*66
$GLGSV,3,2,09,75,22,049,40,85,16,058,41,65,13,170,22,86,07,111,36*6E
$GLGSV,3,3,09,84,04,008,*5C
$GPGSA,A,3,05,15,17,19,20,24,28,30,,,,,2.0,1.1,1.7*34
$GNGSA,A,3,05,15,17,19,20,24,28,30,,,,,2.0,1.1,1.7*2A
$GNGSA,A,3,65,66,67,75,76,77,85,86,,,,,2.0,1.1,1.7*2A
$QZGSA,A,3,,,,,,,,,,,,,2.0,1.1,1.7*2A
$IMGSA,A,3,,,,,,,,,,,,,2.0,1.1,1.7*25
$GPRMC,100821.00,A,4155.817095,N,01236.696319,E,000.0,,200319,,,A*70
$GPGGA,100822.00,4155.817095,N,01236.696276,E,1,18,3.2,59.3,M,45.0,M,,*58
$GPGSV,3,1,11,13,79,125,16,15,63,296,21,28,44,050,33,24,31,281,21*7A
$GPGSV,3,2,11,17,30,111,42,19,20,139,37,30,16,079,42,05,15,196,27*79
$GPGSV,3,3,11,20,13,315,,12,04,217,,11,00,045,*4C
$GLGSV,3,1,09,66,65,219,21,76,60,014,26,67,41,318,16,77,38,264,15*64
$GLGSV,3,2,09,75,22,049,40,85,16,058,41,65,13,170,22,86,07,111,36*6E
$GLGSV,3,3,09,84,04,008,*5C
$GPGSA,A,3,05,13,15,17,19,24,28,30,,,,,2.3,1.1,2.0*33
$GNGSA,A,3,05,13,15,17,19,24,28,30,,,,,2.3,1.1,2.0*2D
$GNGSA,A,3,65,66,67,75,76,77,85,86,,,,,2.3,1.1,2.0*2D
$QZGSA,A,3,,,,,,,,,,,,,2.3,1.1,2.0*2D
$IMGSA,A,3,,,,,,,,,,,,,2.3,1.1,2.0*22
$GPRMC,100822.00,A,4155.817095,N,01236.696276,E,000.0,,200319,,,A*7B
$GPGGA,100823.00,4155.817094,N,01236.696242,E,1,19,3.2,59.3,M,45.0,M,,*5E
$GPGSV,3,1,11,13,79,125,21,15,63,296,21,28,44,050,33,24,31,281,21*7E
$GPGSV,3,2,11,17,30,111,42,19,20,139,37,30,16,079,42,05,15,196,27*79
$GPGSV,3,3,11,20,13,315,18,12,04,217,,11,00,045,*45
$GLGSV,3,1,09,66,65,219,21,76,60,014,27,67,41,318,17,77,38,264,15*64
$GLGSV,3,2,09,75,22,049,40,85,16,058,41,65,13,170,22,86,07,111,36*6E
$GLGSV,3,3,09,84,04,008,*5C
$GPGSA,A,3,05,13,15,17,19,20,24,28,30,,,,2.3,1.1,2.0*31
$GNGSA,A,3,05,13,15,17,19,20,24,28,30,,,,2.3,1.1,2.0*2F
$GNGSA,A,3,65,66,67,75,76,77,85,86,,,,,2.3,1.1,2.0*2D
$QZGSA,A,3,,,,,,,,,,,,,2.3,1.1,2.0*2D
$IMGSA,A,3,,,,,,,,,,,,,2.3,1.1,2.0*22
$GPRMC,100823.00,A,4155.817094,N,01236.696242,E,000.0,,200319,,,A*7C
$GPGGA,100824.00,4155.817122,N,01236.696148,E,1,18,3.2,59.3,M,45.0,M,,*5D
$GPGSV,3,1,11,13,79,125,21,15,63,296,20,28,44,050,33,24,31,281,21*7F
$GPGSV,3,2,11,17,30,111,42,19,20,139,37,30,16,079,42,05,15,196,26*78
$GPGSV,3,3,11,20,13,315,18,12,04,217,,11,00,045,*45
$GLGSV,3,1,09,66,65,219,23,76,60,014,27,67,41,318,18,77,38,264,14*68
$GLGSV,3,2,09,75,22,049,40,85,16,058,41,65,13,170,22,86,07,111,36*6E
$GLGSV,3,3,09,84,04,008,*5C
$GPGSA,A,3,05,13,15,17,19,20,24,28,30,,,,2.0,1.1,1.7*36
$GNGSA,A,3,05,13,15,17,19,20,24,28,30,,,,2.0,1.1,1.7*28
$GNGSA,A,3,65,66,67,75,76,85,86,,,,,,2.0,1.1,1.7*2A
$QZGSA,A,3,,,,,,,,,,,,,2.0,1.1,1.7*2A
$IMGSA,A,3,,,,,,,,,,,,,2.0,1.1,1.7*25
$GPRMC,100824.00,A,4155.817122,N,01236.696148,E,000.0,,200319,,,A*7E
$GPGGA,100825.00,4155.817140,N,01236.696075,E,1,19,3.2,59.3,M,45.0,M,,*56
$GPGSV,3,1,11,13,79,125,21,15,63,296,20,28,44,050,33,24,31,281,21*7F
$GPGSV,3,2,11,17,30,111,42,19,20,139,37,30,16,079,41,05,15,196,26*7B
$GPGSV,3,3,11,20,13,315,18,12,04,217,,11,00,045,*45
$GLGSV,3,1,09,66,65,219,23,76,60,014,28,67,41,318,18,77,38,264,15*66
$GLGSV,3,2,09,75,22,049,40,85,16,058,41,65,13,170,22,86,07,111,36*6E
$GLGSV,3,3,09,84,04,008,*5C
$GPGSA,A,3,05,13,15,17,19,20,24,28,30,,,,2.0,1.1,1.7*36
$GNGSA,A,3,05,13,15,17,19,20,24,28,30,,,,2.0,1.1,1.7*28
$GNGSA,A,3,65,66,67,75,76,77,85,86,,,,,2.0,1.1,1.7*2A
$QZGSA,A,3,,,,,,,,,,,,,2.0,1.1,1.7*2A
$IMGSA,A,3,,,,,,,,,,,,,2.0,1.1,1.7*25
$GPRMC,100825.00,A,4155.817140,N,01236.696075,E,000.0,,200319,,,A*74
