$GPGGA,110028.00,4155.822091,N,01236.687145,E,1,05,1.2,0.0,M,45.0,M,,*6B
$GPGSV,3,1,10,07,26,058,51,15,16,300,50,09,07,111,49,08,06,045,49*75
$GPGSV,3,2,10,21,02,323,,05,59,235,51,30,59,049,51,28,56,130,51*7A
$GPGSV,3,3,10,13,50,307,51,04,,,51*4F
$GLGSV,2,1,07,75,76,020,,65,73,140,,76,53,228,,66,40,325,*6D
$GLGSV,2,2,07,72,25,142,,74,19,036,,83,03,007,*56
$GPGSA,A,3,07,08,09,15,,,,,,,,,4.3,1.6,4.0*34
$GNGSA,A,3,07,08,09,15,,,,,,,,,4.3,1.6,4.0*2A
$GNGSA,A,3,,,,,,,,,,,,,4.3,1.6,4.0*28
$QZGSA,A,3,,,,,,,,,,,,,4.3,1.6,4.0*2A
$IMGSA,A,3,,,,,,,,,,,,,4.3,1.6,4.0*25
$GPRMC,110028.00,A,4155.822091,N,01236.687145,E,,,080219,,,A*5C


$GPGGA,110029.00,4155.822091,N,01236.687145,E,1,05,1.2,0.0,M,45.0,M,,*6A
$GPGSV,3,1,10,07,26,058,51,15,16,300,50,09,07,111,49,08,06,045,49*75
$GPGSV,3,2,10,21,02,323,,05,59,235,51,30,59,049,51,28,56,130,51*7A
$GPGSV,3,3,10,13,50,307,51,04,,,51*4F
$GLGSV,2,1,07,75,76,020,,65,73,140,,76,53,228,,66,40,325,*6D
$GLGSV,2,2,07,72,25,142,,74,19,036,,83,03,007,*56
$GPGSA,A,3,07,08,09,15,,,,,,,,,4.3,1.6,4.0*34
$GNGSA,A,3,07,08,09,15,,,,,,,,,4.3,1.6,4.0*2A
$GNGSA,A,3,,,,,,,,,,,,,4.3,1.6,4.0*28
$QZGSA,A,3,,,,,,,,,,,,,4.3,1.6,4.0*2A
$IMGSA,A,3,,,,,,,,,,,,,4.3,1.6,4.0*25
$GPRMC,110029.00,A,4155.822091,N,01236.687145,E,,,080219,,,A*5D

Something interesting: orthometric height
			PDOP, HDOP, VDOP (do the same as done for elevation, azimuth, SNR)