$GPGGA,110028.00,4155.817848,N,01236.701207,E,1,09,1.6,66.9,M,45.0,M,,*5A
$GPGSV,3,1,11,13,74,331,21,28,61,076,23,15,39,307,20,05,37,207,19*71
$GPGSV,3,2,11,30,36,063,38,17,13,130,37,24,13,265,20,07,06,072,40*75
$GPGSV,3,3,11,19,00,153,,20,00,330,,08,01,025,*4A
$GLGSV,3,1,09,73,49,032,31,74,69,278,22,75,19,238,25,82,07,030,24*69
$GLGSV,3,2,09,72,70,304,,71,51,165,,65,24,326,,83,03,076,*63
$GLGSV,3,3,09,70,02,155,*58
$GPGSA,A,3,05,07,13,15,17,24,28,30,,,,,2.2,1.5,1.6*3C
$GNGSA,A,3,05,07,13,15,17,24,28,30,,,,,2.2,1.5,1.6*22
$GNGSA,A,3,73,,,,,,,,,,,,2.2,1.5,1.6*2B
$QZGSA,A,3,,,,,,,,,,,,,2.2,1.5,1.6*2D
$IMGSA,A,3,,,,,,,,,,,,,2.2,1.5,1.6*22
$GPRMC,110028.00,A,4155.817848,N,01236.701207,E,000.0,,220219,,,A*7A


$GPGGA,110029.00,4155.817848,N,01236.701207,E,1,09,1.6,67.3,M,45.0,M,,*50
$GPGSV,3,1,11,13,74,331,21,28,61,076,23,15,39,307,20,05,37,207,20*7B
$GPGSV,3,2,11,30,36,063,38,17,13,130,37,24,13,265,21,07,06,072,40*74
$GPGSV,3,3,11,19,00,153,,20,00,330,,08,01,025,*4A
$GLGSV,3,1,09,73,49,032,31,74,70,278,21,75,19,238,24,82,07,030,25*62
$GLGSV,3,2,09,72,70,304,,71,51,165,,65,24,326,,83,03,076,*63
$GLGSV,3,3,09,70,02,155,*58
$GPGSA,A,3,05,07,13,15,17,24,28,30,,,,,2.2,1.5,1.6*3C
$GNGSA,A,3,05,07,13,15,17,24,28,30,,,,,2.2,1.5,1.6*22
$GNGSA,A,3,73,,,,,,,,,,,,2.2,1.5,1.6*2B
$QZGSA,A,3,,,,,,,,,,,,,2.2,1.5,1.6*2D
$IMGSA,A,3,,,,,,,,,,,,,2.2,1.5,1.6*22
$GPRMC,110029.00,A,4155.817848,N,01236.701207,E,000.0,,220219,,,A*7B