$GPGGA,100801.00,4155.817241,N,01236.696505,E,1,18,3.2,59.3,M,45.0,M,,*51
$GPGSV,3,1,11,13,79,124,19,15,63,296,26,28,44,050,35,24,30,281,24*71
$GPGSV,3,2,11,17,30,111,41,19,19,139,36,30,16,079,43,05,15,196,27*70
$GPGSV,3,3,11,20,13,315,18,12,04,217,,11,00,045,*45
$GLGSV,3,1,09,66,65,219,18,76,60,014,28,67,41,318,21,77,38,264,17*66
$GLGSV,3,2,09,75,22,049,41,85,16,058,42,65,13,170,16,86,07,111,36*6B
$GLGSV,3,3,09,84,04,008,*5C
$GPGSA,A,3,05,13,15,17,19,20,24,28,30,,,,1.5,0.9,1.2*3C
$GNGSA,A,3,05,13,15,17,19,20,24,28,30,,,,1.5,0.9,1.2*22
$GNGSA,A,3,65,66,67,75,76,77,85,86,,,,,1.5,0.9,1.2*20
$QZGSA,A,3,,,,,,,,,,,,,1.5,0.9,1.2*20
$IMGSA,A,3,,,,,,,,,,,,,1.5,0.9,1.2*2F
$GPRMC,100801.00,A,4155.817241,N,01236.696505,E,000.1,,200319,,,A*73
$GPGGA,100802.00,4155.817224,N,01236.696454,E,1,17,3.2,59.3,M,45.0,M,,*5B
$GPGSV,3,1,11,13,79,124,19,15,63,296,26,28,44,050,35,24,30,281,24*71
$GPGSV,3,2,11,17,30,111,41,19,19,139,36,30,16,079,43,05,15,196,27*70
$GPGSV,3,3,11,20,13,315,18,12,04,217,,11,00,045,*45
$GLGSV,3,1,09,66,65,219,18,76,60,014,28,67,41,318,20,77,38,264,17*67
$GLGSV,3,2,09,75,22,049,41,85,16,058,42,65,13,170,18,86,07,111,36*65
$GLGSV,3,3,09,84,04,008,*5C
$GPGSA,A,3,05,13,15,17,19,20,24,28,30,,,,1.9,1.0,1.6*3C
$GNGSA,A,3,05,13,15,17,19,20,24,28,30,,,,1.9,1.0,1.6*22
$GNGSA,A,3,65,66,67,75,76,77,85,86,,,,,1.9,1.0,1.6*20
$QZGSA,A,3,,,,,,,,,,,,,1.9,1.0,1.6*20
$IMGSA,A,3,,,,,,,,,,,,,1.9,1.0,1.6*2F
$GPRMC,100802.00,A,4155.817224,N,01236.696454,E,000.0,,200319,,,A*77
$GPGGA,100803.00,4155.817213,N,01236.696472,E,1,18,3.2,59.3,M,45.0,M,,*55
$GPGSV,3,1,11,13,79,124,19,15,63,296,25,28,44,050,35,24,30,281,24*72
$GPGSV,3,2,11,17,30,111,41,19,19,139,36,30,16,079,43,05,15,196,27*70
$GPGSV,3,3,11,20,13,315,17,12,04,217,,11,00,045,*4A
$GLGSV,3,1,09,66,65,219,18,76,60,014,28,67,41,318,20,77,38,264,16*66
$GLGSV,3,2,09,75,22,049,41,85,16,058,42,65,13,170,19,86,07,111,36*64
$GLGSV,3,3,09,84,04,008,*5C
$GPGSA,A,3,05,13,15,17,19,20,24,28,30,,,,2.2,1.1,1.9*3A
$GNGSA,A,3,05,13,15,17,19,20,24,28,30,,,,2.2,1.1,1.9*24
$GNGSA,A,3,65,66,67,75,76,85,86,,,,,,2.2,1.1,1.9*26
$QZGSA,A,3,,,,,,,,,,,,,2.2,1.1,1.9*26
$IMGSA,A,3,,,,,,,,,,,,,2.2,1.1,1.9*29
$GPRMC,100803.00,A,4155.817213,N,01236.696472,E,000.0,,200319,,,A*76
$GPGGA,100804.00,4155.817210,N,01236.696466,E,1,19,3.2,59.3,M,45.0,M,,*55
$GPGSV,3,1,11,13,79,124,20,15,63,296,25,28,44,050,35,24,30,281,24*78
$GPGSV,3,2,11,17,30,111,41,19,19,139,36,30,16,079,43,05,15,196,27*70
$GPGSV,3,3,11,20,13,315,17,12,04,217,,11,00,045,*4A
$GLGSV,3,1,09,66,65,219,18,76,60,014,27,67,41,318,20,77,38,264,16*69
$GLGSV,3,2,09,75,22,049,41,85,16,058,42,65,13,170,18,86,07,111,36*65
$GLGSV,3,3,09,84,04,008,*5C
$GPGSA,A,3,05,13,15,17,19,20,24,28,30,,,,2.2,1.0,2.0*31
$GNGSA,A,3,05,13,15,17,19,20,24,28,30,,,,2.2,1.0,2.0*2F
$GNGSA,A,3,65,66,67,75,76,77,85,86,,,,,2.2,1.0,2.0*2D
$QZGSA,A,3,,,,,,,,,,,,,2.2,1.0,2.0*2D
$IMGSA,A,3,,,,,,,,,,,,,2.2,1.0,2.0*22
$GPRMC,100804.00,A,4155.817210,N,01236.696466,E,000.0,,200319,,,A*77
$GPGGA,100805.00,4155.817189,N,01236.696483,E,1,17,3.2,59.3,M,45.0,M,,*52
$GPGSV,3,1,11,13,79,124,20,15,63,296,25,28,44,050,35,24,30,281,24*78
$GPGSV,3,2,11,17,30,111,41,19,19,139,36,30,16,079,43,05,15,196,27*70
$GPGSV,3,3,11,20,13,315,,12,04,217,,11,00,045,*4C
$GLGSV,3,1,09,66,65,219,18,76,60,014,27,67,41,318,20,77,38,264,16*69
$GLGSV,3,2,09,75,22,049,41,85,16,058,42,65,13,170,17,86,07,111,36*6A
$GLGSV,3,3,09,84,04,008,*5C
$GPGSA,A,3,05,13,15,17,19,24,28,30,,,,,2.2,1.1,2.0*32
$GNGSA,A,3,05,13,15,17,19,24,28,30,,,,,2.2,1.1,2.0*2C
$GNGSA,A,3,65,66,67,75,76,77,85,86,,,,,2.2,1.1,2.0*2C
$QZGSA,A,3,,,,,,,,,,,,,2.2,1.1,2.0*2C
$IMGSA,A,3,,,,,,,,,,,,,2.2,1.1,2.0*23
$GPRMC,100805.00,A,4155.817189,N,01236.696483,E,000.0,,200319,,,A*7E
$GPGGA,100806.00,4155.817170,N,01236.696510,E,1,18,3.2,59.3,M,45.0,M,,*53
$GPGSV,3,1,11,13,79,124,20,15,63,296,25,28,44,050,35,24,30,281,23*7F
$GPGSV,3,2,11,17,30,111,41,19,19,139,36,30,16,079,43,05,15,196,27*70
$GPGSV,3,3,11,20,13,315,16,12,04,217,,11,00,045,*4B
$GLGSV,3,1,09,66,65,219,17,76,60,014,27,67,41,318,20,77,38,264,16*66
$GLGSV,3,2,09,75,22,049,41,85,16,058,42,65,13,170,17,86,07,111,37*6B
$GLGSV,3,3,09,84,04,008,*5C
$GPGSA,A,3,05,13,15,17,19,24,28,30,,,,,2.4,1.1,2.2*36
$GNGSA,A,3,05,13,15,17,19,24,28,30,,,,,2.4,1.1,2.2*28
$GNGSA,A,3,65,66,67,75,76,77,85,86,,,,,2.4,1.1,2.2*28
$QZGSA,A,3,,,,,,,,,,,,,2.4,1.1,2.2*28
$IMGSA,A,3,,,,,,,,,,,,,2.4,1.1,2.2*27
$GPRMC,100806.00,A,4155.817170,N,01236.696510,E,000.0,,200319,,,A*70
$GPGGA,100807.00,4155.817160,N,01236.696538,E,1,19,3.2,59.3,M,45.0,M,,*58
$GPGSV,3,1,11,13,79,124,20,15,63,296,24,28,44,050,34,24,30,281,23*7F
$GPGSV,3,2,11,17,30,111,41,19,19,139,36,30,16,079,43,05,15,196,27*70
$GPGSV,3,3,11,20,13,315,21,12,04,217,,11,00,045,*4F
$GLGSV,3,1,09,66,65,219,20,76,60,014,26,67,41,318,20,77,38,264,16*63
$GLGSV,3,2,09,75,22,049,41,85,16,058,42,65,13,170,18,86,07,111,37*64
$GLGSV,3,3,09,84,04,008,*5C
$GPGSA,A,3,05,13,15,17,19,20,24,28,30,,,,1.8,1.0,1.5*3E
$GNGSA,A,3,05,13,15,17,19,20,24,28,30,,,,1.8,1.0,1.5*20
$GNGSA,A,3,65,66,67,75,76,77,85,86,,,,,1.8,1.0,1.5*22
$QZGSA,A,3,,,,,,,,,,,,,1.8,1.0,1.5*22
$IMGSA,A,3,,,,,,,,,,,,,1.8,1.0,1.5*2D
$GPRMC,100807.00,A,4155.817160,N,01236.696538,E,000.0,,200319,,,A*7A
$GPGGA,100808.00,4155.817142,N,01236.696590,E,1,19,3.2,59.3,M,45.0,M,,*55
$GPGSV,3,1,11,13,79,124,20,15,63,296,24,28,44,050,34,24,31,281,23*7E
$GPGSV,3,2,11,17,30,111,41,19,19,139,37,30,16,079,43,05,15,196,27*71
$GPGSV,3,3,11,20,13,315,20,12,04,217,,11,00,045,*4E
$GLGSV,3,1,09,66,65,219,21,76,60,014,26,67,41,318,20,77,38,264,16*62
$GLGSV,3,2,09,75,22,049,41,85,16,058,42,65,13,170,18,86,07,111,37*64
$GLGSV,3,3,09,84,04,008,*5C
$GPGSA,A,3,05,13,15,17,19,20,24,28,30,,,,1.8,1.0,1.5*3E
$GNGSA,A,3,05,13,15,17,19,20,24,28,30,,,,1.8,1.0,1.5*20
$GNGSA,A,3,65,66,67,75,76,77,85,86,,,,,1.8,1.0,1.5*22
$QZGSA,A,3,,,,,,,,,,,,,1.8,1.0,1.5*22
$IMGSA,A,3,,,,,,,,,,,,,1.8,1.0,1.5*2D
$GPRMC,100808.00,A,4155.817142,N,01236.696590,E,000.0,,200319,,,A*77
$GPGGA,100809.00,4155.817132,N,01236.696597,E,1,19,3.2,59.3,M,45.0,M,,*54
$GPGSV,3,1,11,13,79,124,20,15,63,296,23,28,44,050,34,24,31,281,23*79
$GPGSV,3,2,11,17,30,111,41,19,19,139,37,30,16,079,43,05,15,196,27*71
$GPGSV,3,3,11,20,13,315,20,12,04,217,,11,00,045,*4E
$GLGSV,3,1,09,66,65,219,21,76,60,014,25,67,41,318,20,77,38,264,16*61
$GLGSV,3,2,09,75,22,049,40,85,16,058,42,65,13,170,22,86,07,111,37*6C
$GLGSV,3,3,09,84,04,008,*5C
$GPGSA,A,3,05,13,15,17,19,20,24,28,30,,,,1.7,1.0,1.4*30
$GNGSA,A,3,05,13,15,17,19,20,24,28,30,,,,1.7,1.0,1.4*2E
$GNGSA,A,3,65,66,67,75,76,77,85,86,,,,,1.7,1.0,1.4*2C
$QZGSA,A,3,,,,,,,,,,,,,1.7,1.0,1.4*2C
$IMGSA,A,3,,,,,,,,,,,,,1.7,1.0,1.4*23
$GPRMC,100809.00,A,4155.817132,N,01236.696597,E,000.0,,200319,,,A*76
$GPGGA,100810.00,4155.817124,N,01236.696604,E,1,19,3.2,59.3,M,45.0,M,,*52
$GPGSV,3,1,11,13,79,124,20,15,63,296,23,28,44,050,34,24,31,281,23*79
$GPGSV,3,2,11,17,30,111,41,19,19,139,36,30,16,079,43,05,15,196,27*70
$GPGSV,3,3,11,20,13,315,19,12,04,217,,11,00,045,*44
$GLGSV,3,1,09,66,65,219,20,76,60,014,25,67,41,318,19,77,38,264,16*6A
$GLGSV,3,2,09,75,22,049,40,85,16,058,42,65,13,170,22,86,07,111,37*6C
$GLGSV,3,3,09,84,04,008,*5C
$GPGSA,A,3,05,13,15,17,19,20,24,28,30,,,,2.8,1.7,2.2*3E
$GNGSA,A,3,05,13,15,17,19,20,24,28,30,,,,2.8,1.7,2.2*20
$GNGSA,A,3,65,66,67,75,76,77,85,86,,,,,2.8,1.7,2.2*22
$QZGSA,A,3,,,,,,,,,,,,,2.8,1.7,2.2*22
$IMGSA,A,3,,,,,,,,,,,,,2.8,1.7,2.2*2D
$GPRMC,100810.00,A,4155.817124,N,01236.696604,E,000.0,,200319,,,A*70
$GPGGA,100811.00,4155.817118,N,01236.696570,E,1,18,3.2,59.3,M,45.0,M,,*5D
$GPGSV,3,1,11,13,79,124,20,15,63,296,23,28,44,050,34,24,31,281,23*79
$GPGSV,3,2,11,17,30,111,41,19,19,139,36,30,16,079,43,05,15,196,27*70
$GPGSV,3,3,11,20,13,315,18,12,04,217,,11,00,045,*45
$GLGSV,3,1,09,66,65,219,20,76,60,014,25,67,41,318,19,77,38,264,16*6A
$GLGSV,3,2,09,75,22,049,40,85,16,058,42,65,13,170,21,86,07,111,37*6F
$GLGSV,3,3,09,84,04,008,*5C
$GPGSA,A,3,05,13,15,17,19,24,28,30,,,,,1.8,1.0,1.5*3C
$GNGSA,A,3,05,13,15,17,19,24,28,30,,,,,1.8,1.0,1.5*22
$GNGSA,A,3,65,66,67,75,76,77,85,86,,,,,1.8,1.0,1.5*22
$QZGSA,A,3,,,,,,,,,,,,,1.8,1.0,1.5*22
$IMGSA,A,3,,,,,,,,,,,,,1.8,1.0,1.5*2D
$GPRMC,100811.00,A,4155.817118,N,01236.696570,E,000.0,,200319,,,A*7E
$GPGGA,100812.00,4155.817112,N,01236.696549,E,1,18,3.2,59.3,M,45.0,M,,*5E
$GPGSV,3,1,11,13,79,124,19,15,63,296,22,28,44,050,34,24,31,281,23*72
$GPGSV,3,2,11,17,30,111,41,19,19,139,36,30,16,079,43,05,15,196,28*7F
$GPGSV,3,3,11,20,13,315,17,12,04,217,,11,00,045,*4A
$GLGSV,3,1,09,66,65,219,21,76,60,014,24,67,41,318,19,77,38,264,16*6A
$GLGSV,3,2,09,75,22,049,40,85,16,058,42,65,13,170,21,86,07,111,37*6F
$GLGSV,3,3,09,84,04,008,*5C
$GPGSA,A,3,05,13,15,17,19,24,28,30,,,,,1.8,1.0,1.5*3C
$GNGSA,A,3,05,13,15,17,19,24,28,30,,,,,1.8,1.0,1.5*22
$GNGSA,A,3,65,66,67,75,76,77,85,86,,,,,1.8,1.0,1.5*22
$QZGSA,A,3,,,,,,,,,,,,,1.8,1.0,1.5*22
$IMGSA,A,3,,,,,,,,,,,,,1.8,1.0,1.5*2D
$GPRMC,100812.00,A,4155.817112,N,01236.696549,E,000.0,,200319,,,A*7D
$GPGGA,100813.00,4155.817107,N,01236.696526,E,1,19,3.2,59.3,M,45.0,M,,*53
$GPGSV,3,1,11,13,79,124,19,15,63,296,22,28,44,050,34,24,31,281,22*73
$GPGSV,3,2,11,17,30,111,42,19,19,139,36,30,16,079,42,05,15,196,28*7D
$GPGSV,3,3,11,20,13,315,21,12,04,217,,11,00,045,*4F
$GLGSV,3,1,09,66,65,219,21,76,60,014,24,67,41,318,18,77,38,264,15*68
$GLGSV,3,2,09,75,22,049,40,85,16,058,42,65,13,170,22,86,07,111,37*6C
$GLGSV,3,3,09,84,04,008,*5C
$GPGSA,A,3,05,13,15,17,19,20,24,28,30,,,,1.8,1.0,1.5*3E
$GNGSA,A,3,05,13,15,17,19,20,24,28,30,,,,1.8,1.0,1.5*20
$GNGSA,A,3,65,66,67,75,76,77,85,86,,,,,1.8,1.0,1.5*22
$QZGSA,A,3,,,,,,,,,,,,,1.8,1.0,1.5*22
$IMGSA,A,3,,,,,,,,,,,,,1.8,1.0,1.5*2D
$GPRMC,100813.00,A,4155.817107,N,01236.696526,E,000.0,,200319,,,A*71
$GPGGA,100814.00,4155.817101,N,01236.696504,E,1,18,3.2,59.3,M,45.0,M,,*53
$GPGSV,3,1,11,13,79,124,19,15,63,296,22,28,44,050,34,24,31,281,22*73
$GPGSV,3,2,11,17,30,111,42,19,19,139,36,30,16,079,42,05,15,196,28*7D
$GPGSV,3,3,11,20,13,315,20,12,04,217,,11,00,045,*4E
$GLGSV,3,1,09,66,65,219,21,76,60,014,23,67,41,318,18,77,38,264,15*6F
$GLGSV,3,2,09,75,22,049,40,85,16,058,42,65,13,170,22,86,07,111,37*6C
$GLGSV,3,3,09,84,04,008,*5C
$GPGSA,A,3,05,13,15,17,19,24,28,30,,,,,2.3,1.1,2.0*33
$GNGSA,A,3,05,13,15,17,19,24,28,30,,,,,2.3,1.1,2.0*2D
$GNGSA,A,3,65,66,67,75,76,77,85,86,,,,,2.3,1.1,2.0*2D
$QZGSA,A,3,,,,,,,,,,,,,2.3,1.1,2.0*2D
$IMGSA,A,3,,,,,,,,,,,,,2.3,1.1,2.0*22
$GPRMC,100814.00,A,4155.817101,N,01236.696504,E,000.0,,200319,,,A*70
$GPGGA,100815.00,4155.817098,N,01236.696483,E,1,17,3.2,59.3,M,45.0,M,,*52
$GPGSV,3,1,11,13,79,124,18,15,63,296,21,28,44,050,34,24,31,281,22*71
$GPGSV,3,2,11,17,30,111,42,19,19,139,36,30,16,079,42,05,15,196,28*7D
$GPGSV,3,3,11,20,13,315,,12,04,217,,11,00,045,*4C
$GLGSV,3,1,09,66,65,219,21,76,60,014,23,67,41,318,17,77,38,264,15*60
$GLGSV,3,2,09,75,22,049,40,85,16,058,42,65,13,170,24,86,07,111,37*6A
$GLGSV,3,3,09,84,04,008,*5C
$GPGSA,A,3,05,13,15,17,19,24,28,30,,,,,2.3,1.1,2.0*33
$GNGSA,A,3,05,13,15,17,19,24,28,30,,,,,2.3,1.1,2.0*2D
$GNGSA,A,3,65,66,67,75,76,85,86,,,,,,2.3,1.1,2.0*2D
$QZGSA,A,3,,,,,,,,,,,,,2.3,1.1,2.0*2D
$IMGSA,A,3,,,,,,,,,,,,,2.3,1.1,2.0*22
$GPRMC,100815.00,A,4155.817098,N,01236.696483,E,000.0,,200319,,,A*7E
$GPGGA,100816.00,4155.817094,N,01236.696461,E,1,16,3.2,59.3,M,45.0,M,,*50
$GPGSV,3,1,11,13,79,125,17,15,63,296,21,28,44,050,34,24,31,281,22*7F
$GPGSV,3,2,11,17,30,111,42,19,19,139,37,30,16,079,42,05,15,196,28*7C
$GPGSV,3,3,11,20,13,315,,12,04,217,,11,00,045,*4C
$GLGSV,3,1,09,66,65,219,20,76,60,014,23,67,41,318,17,77,38,264,15*61
$GLGSV,3,2,09,75,22,049,40,85,16,058,42,65,13,170,23,86,07,111,36*6C
$GLGSV,3,3,09,84,04,008,*5C
$GPGSA,A,3,05,15,17,19,24,28,30,,,,,,2.3,1.1,2.0*31
$GNGSA,A,3,05,15,17,19,24,28,30,,,,,,2.3,1.1,2.0*2F
$GNGSA,A,3,65,66,67,75,76,85,86,,,,,,2.3,1.1,2.0*2D
$QZGSA,A,3,,,,,,,,,,,,,2.3,1.1,2.0*2D
$IMGSA,A,3,,,,,,,,,,,,,2.3,1.1,2.0*22
$GPRMC,100816.00,A,4155.817094,N,01236.696461,E,000.0,,200319,,,A*7D
$GPGGA,100817.00,4155.817090,N,01236.696430,E,1,18,3.2,59.3,M,45.0,M,,*5F
$GPGSV,3,1,11,13,79,125,16,15,63,296,21,28,44,050,33,24,31,281,21*7A
$GPGSV,3,2,11,17,30,111,42,19,19,139,37,30,16,079,42,05,15,196,28*7C
$GPGSV,3,3,11,20,13,315,17,12,04,217,,11,00,045,*4A
$GLGSV,3,1,09,66,65,219,20,76,60,014,23,67,41,318,17,77,38,264,15*61
$GLGSV,3,2,09,75,22,049,40,85,16,058,42,65,13,170,23,86,07,111,36*6C
$GLGSV,3,3,09,84,04,008,*5C
$GPGSA,A,3,05,15,17,19,20,24,28,30,,,,,2.3,1.1,2.0*33
$GNGSA,A,3,05,15,17,19,20,24,28,30,,,,,2.3,1.1,2.0*2D
$GNGSA,A,3,65,66,67,75,76,77,85,86,,,,,2.3,1.1,2.0*2D
$QZGSA,A,3,,,,,,,,,,,,,2.3,1.1,2.0*2D
$IMGSA,A,3,,,,,,,,,,,,,2.3,1.1,2.0*22
$GPRMC,100817.00,A,4155.817090,N,01236.696430,E,000.0,,200319,,,A*7C
$GPGGA,100818.00,4155.817080,N,01236.696413,E,1,17,3.2,59.3,M,45.0,M,,*5F
$GPGSV,3,1,11,13,79,125,17,15,63,296,21,28,44,050,33,24,31,281,21*7B
$GPGSV,3,2,11,17,30,111,42,19,19,139,37,30,16,079,42,05,15,196,27*73
$GPGSV,3,3,11,20,13,315,17,12,04,217,,11,00,045,*4A
$GLGSV,3,1,09,66,65,219,20,76,60,014,23,67,41,318,17,77,38,264,15*61
$GLGSV,3,2,09,75,22,049,40,85,16,058,41,65,13,170,22,86,07,111,36*6E
$GLGSV,3,3,09,84,04,008,*5C
$GPGSA,A,3,05,13,15,17,19,24,28,30,,,,,2.3,1.1,2.0*33
$GNGSA,A,3,05,13,15,17,19,24,28,30,,,,,2.3,1.1,2.0*2D
$GNGSA,A,3,65,66,67,75,76,85,86,,,,,,2.3,1.1,2.0*2D
$QZGSA,A,3,,,,,,,,,,,,,2.3,1.1,2.0*2D
$IMGSA,A,3,,,,,,,,,,,,,2.3,1.1,2.0*22
$GPRMC,100818.00,A,4155.817080,N,01236.696413,E,000.0,,200319,,,A*73
$GPGGA,100819.00,4155.817083,N,01236.696384,E,1,17,3.2,59.3,M,45.0,M,,*54
$GPGSV,3,1,11,13,79,125,18,15,63,296,21,28,44,050,33,24,31,281,21*74
$GPGSV,3,2,11,17,30,111,42,19,19,139,37,30,16,079,42,05,15,196,27*73
$GPGSV,3,3,11,20,13,315,,12,04,217,,11,00,045,*4C
$GLGSV,3,1,09,66,65,219,19,76,60,014,24,67,41,318,16,77,38,264,14*6C
$GLGSV,3,2,09,75,22,049,40,85,16,058,41,65,13,170,22,86,07,111,36*6E
$GLGSV,3,3,09,84,04,008,*5C
$GPGSA,A,3,05,13,15,17,19,24,28,30,,,,,2.3,1.1,2.0*33
$GNGSA,A,3,05,13,15,17,19,24,28,30,,,,,2.3,1.1,2.0*2D
$GNGSA,A,3,65,66,67,75,76,85,86,,,,,,2.3,1.1,2.0*2D
$QZGSA,A,3,,,,,,,,,,,,,2.3,1.1,2.0*2D
$IMGSA,A,3,,,,,,,,,,,,,2.3,1.1,2.0*22
$GPRMC,100819.00,A,4155.817083,N,01236.696384,E,000.0,,200319,,,A*78
$GPGGA,100820.00,4155.817089,N,01236.696354,E,1,17,3.2,59.3,M,45.0,M,,*59
$GPGSV,3,1,11,13,79,125,17,15,63,296,21,28,44,050,33,24,31,281,21*7B
$GPGSV,3,2,11,17,30,111,42,19,19,139,37,30,16,079,42,05,15,196,27*73
$GPGSV,3,3,11,20,13,315,,12,04,217,,11,00,045,*4C
$GLGSV,3,1,09,66,65,219,22,76,60,014,25,67,41,318,16,77,38,264,14*65
$GLGSV,3,2,09,75,22,049,40,85,16,058,41,65,13,170,22,86,07,111,36*6E
$GLGSV,3,3,09,84,04,008,*5C
$GPGSA,A,3,05,15,17,19,24,28,30,,,,,,2.0,1.1,1.7*36
$GNGSA,A,3,05,15,17,19,24,28,30,,,,,,2.0,1.1,1.7*28
$GNGSA,A,3,65,66,67,75,76,77,85,86,,,,,2.0,1.1,1.7*2A
$QZGSA,A,3,,,,,,,,,,,,,2.0,1.1,1.7*2A
$IMGSA,A,3,,,,,,,,,,,,,2.0,1.1,1.7*25
$GPRMC,100820.00,A,4155.817089,N,01236.696354,E,000.0,,200319,,,A*75
$GPGGA,100821.00,4155.817095,N,01236.696319,E,1,18,3.2,59.3,M,45.0,M,,*53
$GPGSV,3,1,11,13,79,125,,15,63,296,21,28,44,050,33,24,31,281,21*7D
$GPGSV,3,2,11,17,30,111,42,19,20,139,37,30,16,079,42,05,15,196,27*79
$GPGSV,3,3,11,20,13,315,16,12,04,217,,11,00,045,*4B
$GLGSV,3,1,09,66,65,219,21,76,60,014,25,67,41,318,16,77,38,264,14*66
$GLGSV,3,2,09,75,22,049,40,85,16,058,41,65,13,170,22,86,07,111,36*6E
$GLGSV,3,3,09,84,04,008,*5C
$GPGSA,A,3,05,15,17,19,20,24,28,30,,,,,2.0,1.1,1.7*34
$GNGSA,A,3,05,15,17,19,20,24,28,30,,,,,2.0,1.1,1.7*2A
$GNGSA,A,3,65,66,67,75,76,77,85,86,,,,,2.0,1.1,1.7*2A
$QZGSA,A,3,,,,,,,,,,,,,2.0,1.1,1.7*2A
$IMGSA,A,3,,,,,,,,,,,,,2.0,1.1,1.7*25
$GPRMC,100821.00,A,4155.817095,N,01236.696319,E,000.0,,200319,,,A*70
$GPGGA,100822.00,4155.817095,N,01236.696276,E,1,18,3.2,59.3,M,45.0,M,,*58
$GPGSV,3,1,11,13,79,125,16,15,63,296,21,28,44,050,33,24,31,281,21*7A
$GPGSV,3,2,11,17,30,111,42,19,20,139,37,30,16,079,42,05,15,196,27*79
$GPGSV,3,3,11,20,13,315,,12,04,217,,11,00,045,*4C
$GLGSV,3,1,09,66,65,219,21,76,60,014,26,67,41,318,16,77,38,264,15*64
$GLGSV,3,2,09,75,22,049,40,85,16,058,41,65,13,170,22,86,07,111,36*6E
$GLGSV,3,3,09,84,04,008,*5C
$GPGSA,A,3,05,13,15,17,19,24,28,30,,,,,2.3,1.1,2.0*33
$GNGSA,A,3,05,13,15,17,19,24,28,30,,,,,2.3,1.1,2.0*2D
$GNGSA,A,3,65,66,67,75,76,77,85,86,,,,,2.3,1.1,2.0*2D
$QZGSA,A,3,,,,,,,,,,,,,2.3,1.1,2.0*2D
$IMGSA,A,3,,,,,,,,,,,,,2.3,1.1,2.0*22
$GPRMC,100822.00,A,4155.817095,N,01236.696276,E,000.0,,200319,,,A*7B
$GPGGA,100823.00,4155.817094,N,01236.696242,E,1,19,3.2,59.3,M,45.0,M,,*5E
$GPGSV,3,1,11,13,79,125,21,15,63,296,21,28,44,050,33,24,31,281,21*7E
$GPGSV,3,2,11,17,30,111,42,19,20,139,37,30,16,079,42,05,15,196,27*79
$GPGSV,3,3,11,20,13,315,18,12,04,217,,11,00,045,*45
$GLGSV,3,1,09,66,65,219,21,76,60,014,27,67,41,318,17,77,38,264,15*64
$GLGSV,3,2,09,75,22,049,40,85,16,058,41,65,13,170,22,86,07,111,36*6E
$GLGSV,3,3,09,84,04,008,*5C
$GPGSA,A,3,05,13,15,17,19,20,24,28,30,,,,2.3,1.1,2.0*31
$GNGSA,A,3,05,13,15,17,19,20,24,28,30,,,,2.3,1.1,2.0*2F
$GNGSA,A,3,65,66,67,75,76,77,85,86,,,,,2.3,1.1,2.0*2D
$QZGSA,A,3,,,,,,,,,,,,,2.3,1.1,2.0*2D
$IMGSA,A,3,,,,,,,,,,,,,2.3,1.1,2.0*22
$GPRMC,100823.00,A,4155.817094,N,01236.696242,E,000.0,,200319,,,A*7C
$GPGGA,100824.00,4155.817122,N,01236.696148,E,1,18,3.2,59.3,M,45.0,M,,*5D
$GPGSV,3,1,11,13,79,125,21,15,63,296,20,28,44,050,33,24,31,281,21*7F
$GPGSV,3,2,11,17,30,111,42,19,20,139,37,30,16,079,42,05,15,196,26*78
$GPGSV,3,3,11,20,13,315,18,12,04,217,,11,00,045,*45
$GLGSV,3,1,09,66,65,219,23,76,60,014,27,67,41,318,18,77,38,264,14*68
$GLGSV,3,2,09,75,22,049,40,85,16,058,41,65,13,170,22,86,07,111,36*6E
$GLGSV,3,3,09,84,04,008,*5C
$GPGSA,A,3,05,13,15,17,19,20,24,28,30,,,,2.0,1.1,1.7*36
$GNGSA,A,3,05,13,15,17,19,20,24,28,30,,,,2.0,1.1,1.7*28
$GNGSA,A,3,65,66,67,75,76,85,86,,,,,,2.0,1.1,1.7*2A
$QZGSA,A,3,,,,,,,,,,,,,2.0,1.1,1.7*2A
$IMGSA,A,3,,,,,,,,,,,,,2.0,1.1,1.7*25
$GPRMC,100824.00,A,4155.817122,N,01236.696148,E,000.0,,200319,,,A*7E
$GPGGA,100825.00,4155.817140,N,01236.696075,E,1,19,3.2,59.3,M,45.0,M,,*56
$GPGSV,3,1,11,13,79,125,21,15,63,296,20,28,44,050,33,24,31,281,21*7F
$GPGSV,3,2,11,17,30,111,42,19,20,139,37,30,16,079,41,05,15,196,26*7B
$GPGSV,3,3,11,20,13,315,18,12,04,217,,11,00,045,*45
$GLGSV,3,1,09,66,65,219,23,76,60,014,28,67,41,318,18,77,38,264,15*66
$GLGSV,3,2,09,75,22,049,40,85,16,058,41,65,13,170,22,86,07,111,36*6E
$GLGSV,3,3,09,84,04,008,*5C
$GPGSA,A,3,05,13,15,17,19,20,24,28,30,,,,2.0,1.1,1.7*36
$GNGSA,A,3,05,13,15,17,19,20,24,28,30,,,,2.0,1.1,1.7*28
$GNGSA,A,3,65,66,67,75,76,77,85,86,,,,,2.0,1.1,1.7*2A
$QZGSA,A,3,,,,,,,,,,,,,2.0,1.1,1.7*2A
$IMGSA,A,3,,,,,,,,,,,,,2.0,1.1,1.7*25
$GPRMC,100825.00,A,4155.817140,N,01236.696075,E,000.0,,200319,,,A*74
$GPGGA,100826.00,4155.817159,N,01236.695974,E,1,18,3.2,59.3,M,45.0,M,,*57
$GPGSV,3,1,11,13,79,125,21,15,63,296,20,28,44,050,33,24,31,281,21*7F
$GPGSV,3,2,11,17,30,111,42,19,20,139,37,30,16,079,41,05,15,196,26*7B
$GPGSV,3,3,11,20,13,315,17,12,04,217,,11,00,045,*4A
$GLGSV,3,1,09,66,65,219,22,76,60,014,28,67,41,318,18,77,38,264,15*67
$GLGSV,3,2,09,75,22,049,39,85,16,058,41,65,13,170,21,86,07,111,36*63
$GLGSV,3,3,09,84,04,008,*5C
$GPGSA,A,3,05,13,15,17,19,24,28,30,,,,,2.2,1.1,1.9*38
$GNGSA,A,3,05,13,15,17,19,24,28,30,,,,,2.2,1.1,1.9*26
$GNGSA,A,3,65,66,67,75,76,77,85,86,,,,,2.2,1.1,1.9*26
$QZGSA,A,3,,,,,,,,,,,,,2.2,1.1,1.9*26
$IMGSA,A,3,,,,,,,,,,,,,2.2,1.1,1.9*29
$GPRMC,100826.00,A,4155.817159,N,01236.695974,E,000.0,,200319,,,A*74
$GPGGA,100827.00,4155.817168,N,01236.695925,E,1,18,3.2,59.3,M,45.0,M,,*50
$GPGSV,3,1,11,13,79,125,23,15,63,296,20,28,44,050,33,24,31,281,21*7D
$GPGSV,3,2,11,17,30,111,42,19,20,139,37,30,16,079,41,05,15,196,26*7B
$GPGSV,3,3,11,20,13,315,16,12,04,217,,11,00,045,*4B
$GLGSV,3,1,09,66,65,219,22,76,60,014,27,67,41,318,18,77,38,264,14*69
$GLGSV,3,2,09,75,22,049,39,85,16,058,41,65,13,170,21,86,07,111,36*63
$GLGSV,3,3,09,84,04,008,*5C
$GPGSA,A,3,05,13,15,17,19,20,24,28,30,,,,2.2,1.1,1.9*3A
$GNGSA,A,3,05,13,15,17,19,20,24,28,30,,,,2.2,1.1,1.9*24
$GNGSA,A,3,65,66,67,75,76,85,86,,,,,,2.2,1.1,1.9*26
$QZGSA,A,3,,,,,,,,,,,,,2.2,1.1,1.9*26
$IMGSA,A,3,,,,,,,,,,,,,2.2,1.1,1.9*29
$GPRMC,100827.00,A,4155.817168,N,01236.695925,E,000.0,,200319,,,A*73
$GPGGA,100828.00,4155.817180,N,01236.695853,E,1,18,3.2,59.4,M,45.0,M,,*5E
$GPGSV,3,1,11,13,79,125,23,15,63,296,19,28,44,050,33,24,31,281,21*77
$GPGSV,3,2,11,17,30,111,42,19,20,139,37,30,16,079,41,05,15,196,26*7B
$GPGSV,3,3,11,20,13,315,16,12,04,217,,11,00,045,*4B
$GLGSV,3,1,09,66,65,219,22,76,60,014,28,67,41,318,17,77,38,264,14*69
$GLGSV,3,2,09,75,22,049,39,85,16,058,41,65,12,170,21,86,07,111,35*61
$GLGSV,3,3,09,84,04,008,*5C
$GPGSA,A,3,05,13,15,17,19,20,24,28,30,,,,2.2,1.1,1.9*3A
$GNGSA,A,3,05,13,15,17,19,20,24,28,30,,,,2.2,1.1,1.9*24
$GNGSA,A,3,65,66,67,75,76,77,85,86,,,,,2.2,1.1,1.9*26
$QZGSA,A,3,,,,,,,,,,,,,2.2,1.1,1.9*26
$IMGSA,A,3,,,,,,,,,,,,,2.2,1.1,1.9*29
$GPRMC,100828.00,A,4155.817180,N,01236.695853,E,000.0,,200319,,,A*7A
$GPGGA,100829.00,4155.817188,N,01236.695784,E,1,19,3.2,59.4,M,45.0,M,,*53
$GPGSV,3,1,11,13,79,125,23,15,63,296,19,28,44,050,33,24,31,281,21*77
$GPGSV,3,2,11,17,30,111,42,19,20,139,37,30,16,079,41,05,15,196,26*7B
$GPGSV,3,3,11,20,13,315,16,12,04,217,,11,00,045,*4B
$GLGSV,3,1,09,66,65,219,22,76,60,014,28,67,41,318,17,77,38,264,14*69
$GLGSV,3,2,09,75,22,049,39,85,16,058,41,65,12,170,21,86,07,111,35*61
$GLGSV,3,3,09,84,04,008,*5C
$GPGSA,A,3,05,13,15,17,19,20,24,28,30,,,,1.8,1.0,1.4*3F
$GNGSA,A,3,05,13,15,17,19,20,24,28,30,,,,1.8,1.0,1.4*21
$GNGSA,A,3,65,66,67,75,76,77,85,86,,,,,1.8,1.0,1.4*23
$QZGSA,A,3,,,,,,,,,,,,,1.8,1.0,1.4*23
$IMGSA,A,3,,,,,,,,,,,,,1.8,1.0,1.4*2C
$GPRMC,100829.00,A,4155.817188,N,01236.695784,E,000.0,,200319,,,A*76
$GPGGA,100830.00,4155.817193,N,01236.695704,E,1,18,3.2,59.4,M,45.0,M,,*58
$GPGSV,3,1,11,13,79,125,22,15,63,296,19,28,44,050,33,24,31,281,21*76
$GPGSV,3,2,11,17,30,111,42,19,20,139,37,30,16,079,41,05,15,196,26*7B
$GPGSV,3,3,11,20,13,315,18,12,04,217,,11,00,045,*45
$GLGSV,3,1,09,66,65,219,22,76,60,014,28,67,41,318,17,77,38,264,14*69
$GLGSV,3,2,09,75,22,049,39,85,16,058,41,65,12,170,21,86,07,111,35*61
$GLGSV,3,3,09,84,04,008,*5C
$GPGSA,A,3,05,13,15,17,19,20,24,28,30,,,,1.8,1.0,1.4*3F
$GNGSA,A,3,05,13,15,17,19,20,24,28,30,,,,1.8,1.0,1.4*21
$GNGSA,A,3,65,66,67,75,76,85,86,,,,,,1.8,1.0,1.4*23
$QZGSA,A,3,,,,,,,,,,,,,1.8,1.0,1.4*23
$IMGSA,A,3,,,,,,,,,,,,,1.8,1.0,1.4*2C
$GPRMC,100830.00,A,4155.817193,N,01236.695704,E,000.0,,200319,,,A*7C
$GPGGA,100831.00,4155.817196,N,01236.695679,E,1,19,3.2,59.4,M,45.0,M,,*56
$GPGSV,3,1,11,13,79,125,22,15,63,296,18,28,44,050,33,24,31,281,21*77
$GPGSV,3,2,11,17,30,111,42,19,20,139,37,30,16,079,41,05,15,196,26*7B
$GPGSV,3,3,11,20,13,315,17,12,04,217,,11,00,045,*4A
$GLGSV,3,1,09,66,65,218,22,76,60,014,27,67,41,318,17,77,38,264,17*64
$GLGSV,3,2,09,75,22,049,39,85,16,058,41,65,12,170,21,86,07,111,35*61
$GLGSV,3,3,09,84,04,008,*5C
$GPGSA,A,3,05,13,15,17,19,20,24,28,30,,,,1.8,1.0,1.4*3F
$GNGSA,A,3,05,13,15,17,19,20,24,28,30,,,,1.8,1.0,1.4*21
$GNGSA,A,3,65,66,67,75,76,77,85,86,,,,,1.8,1.0,1.4*23
$QZGSA,A,3,,,,,,,,,,,,,1.8,1.0,1.4*23
$IMGSA,A,3,,,,,,,,,,,,,1.8,1.0,1.4*2C
$GPRMC,100831.00,A,4155.817196,N,01236.695679,E,000.0,,200319,,,A*73
$GPGGA,100832.00,4155.817206,N,01236.695630,E,1,18,3.2,59.4,M,45.0,M,,*53
$GPGSV,3,1,11,13,79,125,22,15,63,296,18,28,44,050,33,24,31,281,22*74
$GPGSV,3,2,11,17,30,111,42,19,20,139,37,30,16,079,41,05,15,196,25*78
$GPGSV,3,3,11,20,13,315,17,12,04,217,,11,00,045,*4A
$GLGSV,3,1,09,66,65,218,22,76,60,014,27,67,41,318,17,77,38,264,17*64
$GLGSV,3,2,09,75,22,049,39,85,16,058,41,65,12,170,21,86,07,111,35*61
$GLGSV,3,3,09,84,04,008,*5C
$GPGSA,A,3,05,13,15,17,19,20,24,28,30,,,,1.8,1.0,1.4*3F
$GNGSA,A,3,05,13,15,17,19,20,24,28,30,,,,1.8,1.0,1.4*21
$GNGSA,A,3,65,66,67,75,76,77,85,86,,,,,1.8,1.0,1.4*23
$QZGSA,A,3,,,,,,,,,,,,,1.8,1.0,1.4*23
$IMGSA,A,3,,,,,,,,,,,,,1.8,1.0,1.4*2C
$GPRMC,100832.00,A,4155.817206,N,01236.695630,E,000.0,,200319,,,A*77
$GPGGA,100833.00,4155.817223,N,01236.695595,E,1,16,3.2,59.4,M,45.0,M,,*57
$GPGSV,3,1,11,13,79,125,22,15,63,296,19,28,44,050,33,24,31,281,24*73
$GPGSV,3,2,11,17,30,111,42,19,20,139,37,30,16,079,41,05,15,196,25*78
$GPGSV,3,3,11,20,13,315,,12,04,217,,11,00,045,*4C
$GLGSV,3,1,09,66,65,218,22,76,60,014,28,67,41,318,16,77,38,264,16*6B
$GLGSV,3,2,09,75,22,049,39,85,16,058,41,65,12,170,21,86,07,111,35*61
$GLGSV,3,3,09,84,04,008,*5C
$GPGSA,A,3,05,13,15,17,19,24,28,30,,,,,2.2,1.1,1.9*38
$GNGSA,A,3,05,13,15,17,19,24,28,30,,,,,2.2,1.1,1.9*26
$GNGSA,A,3,65,66,67,75,76,77,85,86,,,,,2.2,1.1,1.9*26
$QZGSA,A,3,,,,,,,,,,,,,2.2,1.1,1.9*26
$IMGSA,A,3,,,,,,,,,,,,,2.2,1.1,1.9*29
$GPRMC,100833.00,A,4155.817223,N,01236.695595,E,000.0,,200319,,,A*7D
$GPGGA,100834.00,4155.817238,N,01236.695565,E,1,15,3.2,59.4,M,45.0,M,,*56
$GPGSV,3,1,11,13,79,125,22,15,63,296,,28,44,050,33,24,31,281,24*7B
$GPGSV,3,2,11,17,30,111,42,19,20,139,37,30,16,079,41,05,15,196,26*7B
$GPGSV,3,3,11,20,13,315,,12,04,217,,11,00,045,*4C
$GLGSV,3,1,09,66,65,218,22,76,60,014,29,67,41,318,17,77,38,264,16*6B
$GLGSV,3,2,09,75,22,049,39,85,16,058,41,65,12,170,21,86,07,111,35*61
$GLGSV,3,3,09,84,04,008,*5C
$GPGSA,A,3,05,13,17,19,24,28,30,,,,,,2.2,1.1,1.9*3C
$GNGSA,A,3,05,13,17,19,24,28,30,,,,,,2.2,1.1,1.9*22
$GNGSA,A,3,65,66,67,75,76,77,85,86,,,,,2.2,1.1,1.9*26
$QZGSA,A,3,,,,,,,,,,,,,2.2,1.1,1.9*26
$IMGSA,A,3,,,,,,,,,,,,,2.2,1.1,1.9*29
$GPRMC,100834.00,A,4155.817238,N,01236.695565,E,000.0,,200319,,,A*7F
$GPGGA,100835.00,4155.817259,N,01236.695428,E,1,17,3.2,59.5,M,45.0,M,,*5B
$GPGSV,3,1,11,13,79,125,22,15,63,296,17,28,44,050,33,24,31,281,23*7A
$GPGSV,3,2,11,17,30,111,42,19,20,139,37,30,16,079,41,05,15,196,26*7B
$GPGSV,3,3,11,20,13,315,15,12,04,217,,11,00,045,*48
$GLGSV,3,1,09,66,65,218,23,76,60,014,29,67,41,318,17,77,38,264,16*6A
$GLGSV,3,2,09,75,22,049,39,85,16,058,41,65,12,170,21,86,07,111,35*61
$GLGSV,3,3,09,84,04,008,*5C
$GPGSA,A,3,05,13,17,19,20,24,28,30,,,,,2.1,1.0,1.9*3C
$GNGSA,A,3,05,13,17,19,20,24,28,30,,,,,2.1,1.0,1.9*22
$GNGSA,A,3,65,66,67,75,76,77,85,86,,,,,2.1,1.0,1.9*24
$QZGSA,A,3,,,,,,,,,,,,,2.1,1.0,1.9*24
$IMGSA,A,3,,,,,,,,,,,,,2.1,1.0,1.9*2B
$GPRMC,100835.00,A,4155.817259,N,01236.695428,E,000.0,,200319,,,A*71
$GPGGA,100836.00,4155.817280,N,01236.695386,E,1,19,3.2,59.5,M,45.0,M,,*51
$GPGSV,3,1,11,13,79,125,22,15,63,296,18,28,44,050,33,24,31,281,23*75
$GPGSV,3,2,11,17,30,111,42,19,20,139,37,30,16,079,41,05,15,196,25*78
$GPGSV,3,3,11,20,13,315,15,12,04,217,,11,00,045,*48
$GLGSV,3,1,09,66,65,218,23,76,60,014,29,67,41,318,17,77,38,264,17*6B
$GLGSV,3,2,09,75,22,049,39,85,16,058,41,65,12,170,20,86,07,111,34*61
$GLGSV,3,3,09,84,04,008,*5C
$GPGSA,A,3,05,13,15,17,19,20,24,28,30,,,,2.2,1.1,1.9*3A
$GNGSA,A,3,05,13,15,17,19,20,24,28,30,,,,2.2,1.1,1.9*24
$GNGSA,A,3,65,66,67,75,76,77,85,86,,,,,2.2,1.1,1.9*26
$QZGSA,A,3,,,,,,,,,,,,,2.2,1.1,1.9*26
$IMGSA,A,3,,,,,,,,,,,,,2.2,1.1,1.9*29
$GPRMC,100836.00,A,4155.817280,N,01236.695386,E,000.0,,200319,,,A*75
$GPGGA,100837.00,4155.817285,N,01236.695367,E,1,18,3.2,59.5,M,45.0,M,,*5B
$GPGSV,3,1,11,13,79,125,22,15,63,296,17,28,44,050,33,24,31,281,23*7A
$GPGSV,3,2,11,17,30,111,41,19,20,139,37,30,16,079,41,05,14,196,25*7A
$GPGSV,3,3,11,20,13,315,17,12,04,217,,11,00,045,*4A
$GLGSV,3,1,09,66,65,218,23,76,60,014,29,67,41,318,16,77,38,264,18*65
$GLGSV,3,2,09,75,22,049,39,85,16,058,40,65,12,170,20,86,07,111,34*60
$GLGSV,3,3,09,84,04,008,*5C
$GPGSA,A,3,05,13,17,19,20,24,28,30,,,,,2.2,1.1,1.9*3E
$GNGSA,A,3,05,13,17,19,20,24,28,30,,,,,2.2,1.1,1.9*20
$GNGSA,A,3,65,66,67,75,76,77,85,86,,,,,2.2,1.1,1.9*26
$QZGSA,A,3,,,,,,,,,,,,,2.2,1.1,1.9*26
$IMGSA,A,3,,,,,,,,,,,,,2.2,1.1,1.9*29
$GPRMC,100837.00,A,4155.817285,N,01236.695367,E,000.0,,200319,,,A*7E
$GPGGA,100838.00,4155.817303,N,01236.695278,E,1,17,3.2,59.5,M,45.0,M,,*5B
$GPGSV,3,1,11,13,79,125,22,15,63,296,,28,44,050,33,24,31,282,24*78
$GPGSV,3,2,11,17,30,111,41,19,20,139,37,30,16,079,41,05,14,196,25*7A
$GPGSV,3,3,11,20,13,315,17,12,04,217,,11,00,045,*4A
$GLGSV,3,1,09,66,65,218,23,76,60,014,29,67,41,318,16,77,38,264,18*65
$GLGSV,3,2,09,75,22,049,39,85,16,058,40,65,12,170,20,86,07,111,34*60
$GLGSV,3,3,09,84,04,008,*5C
$GPGSA,A,3,05,13,17,19,20,24,28,30,,,,,2.2,1.1,1.9*3E
$GNGSA,A,3,05,13,17,19,20,24,28,30,,,,,2.2,1.1,1.9*20
$GNGSA,A,3,65,66,67,75,76,77,85,86,,,,,2.2,1.1,1.9*26
$QZGSA,A,3,,,,,,,,,,,,,2.2,1.1,1.9*26
$IMGSA,A,3,,,,,,,,,,,,,2.2,1.1,1.9*29
$GPRMC,100838.00,A,4155.817303,N,01236.695278,E,000.0,,200319,,,A*71
$GPGGA,100839.00,4155.817314,N,01236.695236,E,1,19,3.2,59.6,M,45.0,M,,*5B
$GPGSV,3,1,11,13,79,125,21,15,63,296,18,28,44,050,33,24,31,282,24*72
$GPGSV,3,2,11,17,30,111,41,19,20,139,37,30,16,079,41,05,14,196,25*7A
$GPGSV,3,3,11,20,13,315,21,12,04,217,,11,00,045,*4F
$GLGSV,3,1,09,66,65,218,23,76,60,014,29,67,41,318,16,77,38,264,18*65
$GLGSV,3,2,09,75,22,049,39,85,16,058,40,65,12,170,20,86,07,111,34*60
$GLGSV,3,3,09,84,04,008,*5C
$GPGSA,A,3,05,13,15,17,19,20,24,28,30,,,,1.8,1.0,1.4*3F
$GNGSA,A,3,05,13,15,17,19,20,24,28,30,,,,1.8,1.0,1.4*21
$GNGSA,A,3,65,66,67,75,76,77,85,86,,,,,1.8,1.0,1.4*23
$QZGSA,A,3,,,,,,,,,,,,,1.8,1.0,1.4*23
$IMGSA,A,3,,,,,,,,,,,,,1.8,1.0,1.4*2C
$GPRMC,100839.00,A,4155.817314,N,01236.695236,E,000.0,,200319,,,A*7C
$GPGGA,100840.00,4155.817328,N,01236.695130,E,1,17,3.2,59.6,M,45.0,M,,*51
$GPGSV,3,1,11,13,79,125,22,15,63,296,,28,44,050,33,24,31,282,23*7F
$GPGSV,3,2,11,17,30,111,41,19,20,139,37,30,16,079,41,05,14,196,24*7B
$GPGSV,3,3,11,20,13,315,21,12,04,218,,11,00,045,*40
$GLGSV,3,1,09,66,65,218,22,76,60,014,29,67,41,318,16,77,38,264,18*64
$GLGSV,3,2,09,75,22,049,39,85,16,058,40,65,12,170,19,86,07,111,34*6A
$GLGSV,3,3,09,84,04,008,*5C
$GPGSA,A,3,05,13,17,19,20,24,28,30,,,,,1.8,1.0,1.4*3B
$GNGSA,A,3,05,13,17,19,20,24,28,30,,,,,1.8,1.0,1.4*25
$GNGSA,A,3,65,66,67,75,76,77,85,86,,,,,1.8,1.0,1.4*23
$QZGSA,A,3,,,,,,,,,,,,,1.8,1.0,1.4*23
$IMGSA,A,3,,,,,,,,,,,,,1.8,1.0,1.4*2C
$GPRMC,100840.00,A,4155.817328,N,01236.695130,E,000.0,,200319,,,A*78
$GPGGA,100841.00,4155.817332,N,01236.695105,E,1,19,3.2,59.6,M,45.0,M,,*53
$GPGSV,3,1,11,13,79,125,22,15,63,296,20,28,44,050,33,24,31,282,23*7D
$GPGSV,3,2,11,17,30,111,41,19,20,139,37,30,16,079,41,05,14,196,25*7A
$GPGSV,3,3,11,20,13,315,20,12,04,218,,11,00,045,*41
$GLGSV,3,1,09,66,65,218,22,76,60,014,29,67,41,318,16,77,38,264,18*64
$GLGSV,3,2,09,75,22,049,39,85,16,058,40,65,12,170,19,86,07,111,35*6B
$GLGSV,3,3,09,84,04,008,*5C
$GPGSA,A,3,05,13,15,17,19,20,24,28,30,,,,1.8,1.0,1.4*3F
$GNGSA,A,3,05,13,15,17,19,20,24,28,30,,,,1.8,1.0,1.4*21
$GNGSA,A,3,65,66,67,75,76,77,85,86,,,,,1.8,1.0,1.4*23
$QZGSA,A,3,,,,,,,,,,,,,1.8,1.0,1.4*23
$IMGSA,A,3,,,,,,,,,,,,,1.8,1.0,1.4*2C
$GPRMC,100841.00,A,4155.817332,N,01236.695105,E,000.0,,200319,,,A*74
$GPGGA,100842.00,4155.817353,N,01236.695088,E,1,17,3.2,59.6,M,45.0,M,,*5D
$GPGSV,3,1,11,13,79,125,22,15,63,296,20,28,44,050,33,24,31,282,24*7A
$GPGSV,3,2,11,17,30,111,41,19,20,139,37,30,16,079,41,05,14,196,25*7A
$GPGSV,3,3,11,20,13,315,,12,04,218,,11,00,045,*43
$GLGSV,3,1,09,66,65,218,22,76,60,014,29,67,41,318,16,77,38,264,18*64
$GLGSV,3,2,09,75,22,049,39,85,16,058,40,65,12,170,19,86,07,111,35*6B
$GLGSV,3,3,09,84,04,008,*5C
$GPGSA,A,3,05,13,15,17,19,24,28,30,,,,,1.7,1.0,1.3*35
$GNGSA,A,3,05,13,15,17,19,24,28,30,,,,,1.7,1.0,1.3*2B
$GNGSA,A,3,65,66,67,75,76,77,85,86,,,,,1.7,1.0,1.3*2B
$QZGSA,A,3,,,,,,,,,,,,,1.7,1.0,1.3*2B
$IMGSA,A,3,,,,,,,,,,,,,1.7,1.0,1.3*24
$GPRMC,100842.00,A,4155.817353,N,01236.695088,E,000.0,,200319,,,A*74
$GPGGA,100843.00,4155.817367,N,01236.695030,E,1,19,3.2,59.7,M,45.0,M,,*57
$GPGSV,3,1,11,13,79,125,22,15,63,296,20,28,44,050,33,24,31,282,24*7A
$GPGSV,3,2,11,17,30,111,41,19,20,139,37,30,16,079,41,05,14,196,25*7A
$GPGSV,3,3,11,20,13,315,18,12,05,218,18,11,00,045,*42
$GLGSV,3,1,09,66,65,218,22,76,60,014,29,67,41,318,16,77,38,264,18*64
$GLGSV,3,2,09,75,22,049,39,85,16,058,40,65,12,170,18,86,07,111,35*6A
$GLGSV,3,3,09,84,04,008,*5C
$GPGSA,A,3,05,12,13,15,17,19,20,24,28,30,,,1.8,1.0,1.4*3C
$GNGSA,A,3,05,12,13,15,17,19,20,24,28,30,,,1.8,1.0,1.4*22
$GNGSA,A,3,65,66,67,75,76,77,85,86,,,,,1.8,1.0,1.4*23
$QZGSA,A,3,,,,,,,,,,,,,1.8,1.0,1.4*23
$IMGSA,A,3,,,,,,,,,,,,,1.8,1.0,1.4*2C
$GPRMC,100843.00,A,4155.817367,N,01236.695030,E,000.0,,200319,,,A*71
$GPGGA,100844.00,4155.817384,N,01236.694980,E,1,18,3.2,59.7,M,45.0,M,,*5F
$GPGSV,3,1,11,13,79,125,23,15,63,296,,28,44,050,33,24,31,282,25*78
$GPGSV,3,2,11,17,30,111,41,19,20,139,37,30,16,079,41,05,14,196,24*7B
$GPGSV,3,3,11,20,13,315,18,12,05,218,21,11,00,045,*48
$GLGSV,3,1,09,66,65,218,22,76,60,014,29,67,41,318,16,77,38,264,18*64
$GLGSV,3,2,09,75,22,049,38,85,16,058,40,65,12,170,18,86,07,111,35*6B
$GLGSV,3,3,09,84,04,008,*5C
$GPGSA,A,3,05,12,13,17,19,20,24,28,30,,,,1.8,1.0,1.4*38
$GNGSA,A,3,05,12,13,17,19,20,24,28,30,,,,1.8,1.0,1.4*26
$GNGSA,A,3,65,66,67,75,76,77,85,86,,,,,1.8,1.0,1.4*23
$QZGSA,A,3,,,,,,,,,,,,,1.8,1.0,1.4*23
$IMGSA,A,3,,,,,,,,,,,,,1.8,1.0,1.4*2C
$GPRMC,100844.00,A,4155.817384,N,01236.694980,E,000.0,,200319,,,A*78
$GPGGA,100845.00,4155.817416,N,01236.694928,E,1,19,3.2,59.7,M,45.0,M,,*51
$GPGSV,3,1,11,13,79,125,24,15,63,296,19,28,44,050,33,24,31,282,25*77
$GPGSV,3,2,11,17,30,111,41,19,20,139,37,30,16,079,41,05,14,196,24*7B
$GPGSV,3,3,11,20,13,315,18,12,05,218,21,11,00,045,*48
$GLGSV,3,1,09,66,65,218,21,76,60,014,29,67,41,318,16,77,38,264,18*67
$GLGSV,3,2,09,75,22,049,38,85,16,058,40,65,12,170,18,86,07,111,36*68
$GLGSV,3,3,09,84,04,008,*5C
$GPGSA,A,3,05,12,13,15,17,19,20,24,28,30,,,1.8,1.0,1.4*3C
$GNGSA,A,3,05,12,13,15,17,19,20,24,28,30,,,1.8,1.0,1.4*22
$GNGSA,A,3,65,66,67,75,76,77,85,86,,,,,1.8,1.0,1.4*23
$QZGSA,A,3,,,,,,,,,,,,,1.8,1.0,1.4*23
$IMGSA,A,3,,,,,,,,,,,,,1.8,1.0,1.4*2C
$GPRMC,100845.00,A,4155.817416,N,01236.694928,E,000.0,,200319,,,A*77
$GPGGA,100846.00,4155.817492,N,01236.694811,E,1,19,3.2,59.7,M,45.0,M,,*55
$GPGSV,3,1,11,13,79,125,24,15,63,296,19,28,44,050,33,24,31,282,25*77
$GPGSV,3,2,11,17,30,111,42,19,20,139,37,30,16,079,41,05,14,196,24*78
$GPGSV,3,3,11,20,13,315,18,12,05,218,20,11,00,045,*49
$GLGSV,3,1,09,66,65,218,21,76,60,014,29,67,41,318,16,77,38,264,17*68
$GLGSV,3,2,09,75,22,049,39,85,16,058,40,65,12,170,18,86,07,111,35*6A
$GLGSV,3,3,09,84,04,008,*5C
$GPGSA,A,3,05,12,13,15,17,19,20,24,28,30,,,1.8,1.0,1.4*3C
$GNGSA,A,3,05,12,13,15,17,19,20,24,28,30,,,1.8,1.0,1.4*22
$GNGSA,A,3,65,66,67,75,76,77,85,86,,,,,1.8,1.0,1.4*23
$QZGSA,A,3,,,,,,,,,,,,,1.8,1.0,1.4*23
$IMGSA,A,3,,,,,,,,,,,,,1.8,1.0,1.4*2C
$GPRMC,100846.00,A,4155.817492,N,01236.694811,E,000.1,,200319,,,A*72
$GPGGA,100847.00,4155.817536,N,01236.694793,E,1,19,3.2,59.7,M,45.0,M,,*5E
$GPGSV,3,1,11,13,79,125,24,15,63,296,21,28,44,050,35,24,31,282,25*7A
$GPGSV,3,2,11,17,30,111,42,19,20,139,37,30,16,079,41,05,14,196,23*7F
$GPGSV,3,3,11,20,13,315,20,12,05,218,20,11,00,045,*42
$GLGSV,3,1,09,66,65,218,21,76,60,014,30,67,41,318,17,77,38,264,17*61
$GLGSV,3,2,09,75,22,049,39,85,16,058,41,65,12,170,17,86,07,111,35*64
$GLGSV,3,3,09,84,04,008,*5C
$GPGSA,A,3,05,12,13,15,17,19,20,24,28,30,,,1.8,1.0,1.4*3C
$GNGSA,A,3,05,12,13,15,17,19,20,24,28,30,,,1.8,1.0,1.4*22
$GNGSA,A,3,65,66,67,75,76,77,85,86,,,,,1.8,1.0,1.4*23
$QZGSA,A,3,,,,,,,,,,,,,1.8,1.0,1.4*23
$IMGSA,A,3,,,,,,,,,,,,,1.8,1.0,1.4*2C
$GPRMC,100847.00,A,4155.817536,N,01236.694793,E,000.0,,200319,,,A*78
$GPGGA,100848.00,4155.817570,N,01236.694796,E,1,17,3.2,59.8,M,45.0,M,,*57
$GPGSV,3,1,11,13,79,125,24,15,63,296,21,28,44,050,34,24,31,282,25*7B
$GPGSV,3,2,11,17,30,111,42,19,20,139,38,30,16,079,41,05,14,196,23*70
$GPGSV,3,3,11,20,13,315,,12,05,218,19,11,00,045,*4A
$GLGSV,3,1,09,66,65,218,21,76,60,014,30,67,41,318,17,77,38,264,18*6E
$GLGSV,3,2,09,75,22,049,39,85,16,058,41,65,12,170,17,86,07,111,36*67
$GLGSV,3,3,09,84,04,008,*5C
$GPGSA,A,3,05,13,15,17,19,24,28,30,,,,,1.8,1.0,1.4*3D
$GNGSA,A,3,05,13,15,17,19,24,28,30,,,,,1.8,1.0,1.4*23
$GNGSA,A,3,65,66,67,75,76,77,85,86,,,,,1.8,1.0,1.4*23
$QZGSA,A,3,,,,,,,,,,,,,1.8,1.0,1.4*23
$IMGSA,A,3,,,,,,,,,,,,,1.8,1.0,1.4*2C
$GPRMC,100848.00,A,4155.817570,N,01236.694796,E,000.0,,200319,,,A*70
$GPGGA,100849.00,4155.817614,N,01236.694802,E,1,18,3.2,59.8,M,45.0,M,,*5A
$GPGSV,3,1,11,13,79,125,24,15,63,296,21,28,44,050,34,24,31,282,26*78
$GPGSV,3,2,11,17,30,111,42,19,20,139,38,30,16,079,41,05,14,196,23*70
$GPGSV,3,3,11,20,13,315,,12,05,218,19,11,00,045,*4A
$GLGSV,3,1,09,66,65,218,21,76,60,014,29,67,41,318,17,77,38,264,18*66
$GLGSV,3,2,09,75,22,049,39,85,16,058,41,65,12,170,17,86,07,111,36*67
$GLGSV,3,3,09,84,04,008,*5C
$GPGSA,A,3,05,12,13,15,17,19,24,28,30,,,,1.8,1.0,1.4*3E
$GNGSA,A,3,05,12,13,15,17,19,24,28,30,,,,1.8,1.0,1.4*20
$GNGSA,A,3,65,66,67,75,76,77,85,86,,,,,1.8,1.0,1.4*23
$QZGSA,A,3,,,,,,,,,,,,,1.8,1.0,1.4*23
$IMGSA,A,3,,,,,,,,,,,,,1.8,1.0,1.4*2C
$GPRMC,100849.00,A,4155.817614,N,01236.694802,E,000.0,,200319,,,A*72
$GPGGA,100850.00,4155.817636,N,01236.694803,E,1,19,3.2,59.8,M,45.0,M,,*52
$GPGSV,3,1,11,13,79,125,24,15,63,296,20,28,44,050,34,24,31,282,26*79
$GPGSV,3,2,11,17,30,111,42,19,20,139,38,30,16,079,41,05,14,196,22*71
$GPGSV,3,3,11,20,13,315,20,12,05,218,20,11,00,045,*42
$GLGSV,3,1,09,66,65,218,20,76,60,014,30,67,41,318,16,77,38,264,18*6E
$GLGSV,3,2,09,75,22,049,39,85,16,058,41,65,12,170,18,86,07,111,36*68
$GLGSV,3,3,09,84,04,007,*53
$GPGSA,A,3,05,12,13,15,17,19,20,24,28,30,,,1.8,1.0,1.4*3C
$GNGSA,A,3,05,12,13,15,17,19,20,24,28,30,,,1.8,1.0,1.4*22
$GNGSA,A,3,65,66,67,75,76,77,85,86,,,,,1.8,1.0,1.4*23
$QZGSA,A,3,,,,,,,,,,,,,1.8,1.0,1.4*23
$IMGSA,A,3,,,,,,,,,,,,,1.8,1.0,1.4*2C
$GPRMC,100850.00,A,4155.817636,N,01236.694803,E,000.0,,200319,,,A*7B
$GPGGA,100851.00,4155.817646,N,01236.694802,E,1,19,3.2,59.8,M,45.0,M,,*55
$GPGSV,3,1,11,13,79,125,24,15,63,296,20,28,44,050,33,24,31,282,25*7D
$GPGSV,3,2,11,17,30,111,41,19,20,139,38,30,16,079,40,05,14,196,22*73
$GPGSV,3,3,11,20,13,315,20,12,05,218,21,11,00,044,*42
$GLGSV,3,1,09,66,65,218,20,76,60,014,30,67,41,318,16,77,38,264,18*6E
$GLGSV,3,2,09,75,22,049,39,85,16,058,41,65,12,170,18,86,07,111,36*68
$GLGSV,3,3,09,84,04,007,*53
$GPGSA,A,3,05,12,13,15,17,19,20,24,28,30,,,1.7,1.0,1.4*33
$GNGSA,A,3,05,12,13,15,17,19,20,24,28,30,,,1.7,1.0,1.4*2D
$GNGSA,A,3,65,66,67,75,76,77,85,86,,,,,1.7,1.0,1.4*2C
$QZGSA,A,3,,,,,,,,,,,,,1.7,1.0,1.4*2C
$IMGSA,A,3,,,,,,,,,,,,,1.7,1.0,1.4*23
$GPRMC,100851.00,A,4155.817646,N,01236.694802,E,000.0,,200319,,,A*7C
$GPGGA,100852.00,4155.817658,N,01236.694794,E,1,18,3.2,59.8,M,45.0,M,,*58
$GPGSV,3,1,11,13,79,125,26,15,63,296,20,28,44,050,34,24,31,282,25*78
$GPGSV,3,2,11,17,30,111,41,19,20,139,38,30,16,079,39,05,14,196,22*7D
$GPGSV,3,3,11,20,13,315,20,12,05,218,,11,00,044,*41
$GLGSV,3,1,09,66,65,218,19,76,60,014,30,67,41,318,16,77,38,264,17*6B
$GLGSV,3,2,09,75,22,049,38,85,16,058,40,65,12,170,18,86,07,111,35*6B
$GLGSV,3,3,09,84,04,007,*53
$GPGSA,A,3,05,13,15,17,19,20,24,28,30,,,,1.7,1.0,1.4*30
$GNGSA,A,3,05,13,15,17,19,20,24,28,30,,,,1.7,1.0,1.4*2E
$GNGSA,A,3,65,66,67,75,76,77,85,86,,,,,1.7,1.0,1.4*2C
$QZGSA,A,3,,,,,,,,,,,,,1.7,1.0,1.4*2C
$IMGSA,A,3,,,,,,,,,,,,,1.7,1.0,1.4*23
$GPRMC,100852.00,A,4155.817658,N,01236.694794,E,000.0,,200319,,,A*70
$GPGGA,100853.00,4155.817649,N,01236.694757,E,1,19,3.2,59.8,M,45.0,M,,*57
$GPGSV,3,1,11,13,79,125,26,15,63,296,19,28,44,050,34,24,31,282,24*73
$GPGSV,3,2,11,17,31,111,41,19,20,139,38,30,16,079,38,05,14,196,22*7D
$GPGSV,3,3,11,20,13,315,19,12,05,218,19,11,00,044,*43
$GLGSV,3,1,09,66,65,218,19,76,60,014,30,67,41,318,17,77,38,264,17*6A
$GLGSV,3,2,09,75,22,049,38,85,16,058,40,65,12,170,20,86,07,111,35*60
$GLGSV,3,3,09,84,04,007,*53
$GPGSA,A,3,05,12,13,15,17,19,20,24,28,30,,,1.7,1.0,1.4*33
$GNGSA,A,3,05,12,13,15,17,19,20,24,28,30,,,1.7,1.0,1.4*2D
$GNGSA,A,3,65,66,67,75,76,77,85,86,,,,,1.7,1.0,1.4*2C
$QZGSA,A,3,,,,,,,,,,,,,1.7,1.0,1.4*2C
$IMGSA,A,3,,,,,,,,,,,,,1.7,1.0,1.4*23
$GPRMC,100853.00,A,4155.817649,N,01236.694757,E,000.0,,200319,,,A*7E
