$GPGSV,4,1,15,01,12,156,,02,10,319,,03,43,092,,06,43,303,*7E
$GPGSV,4,2,15,07,23,178,,09,66,257,,11,,,,16,,,*7D
$GPGSV,4,3,15,17,13,234,,19,20,255,,22,24,104,,23,73,033,*75
$GPGSV,4,4,15,26,04,067,,30,,,,31,02,030,*7C
$GLGSV,3,1,11,78,28,120,,82,06,189,,77,32,060,,76,,,*5B
$GLGSV,3,2,11,79,,,,69,27,285,,84,36,307,,83,40,229,*54
$GLGSV,3,3,11,85,,,,67,29,061,,68,59,347,*67
$GPVTG,,T,,M,,N,,K,N*2C
$GPGSA,A,1,,,,,,,,,,,,,,,*1E
$GNGSA,A,1,,,,,,,,,,,,,,,*00
$GPGGA,,,,,,0,,,,,,,,*66
$GPRMC,,V,,,,,,,,,,N*53
$GPGSV,4,1,15,01,12,156,,02,10,319,,03,43,092,,06,43,303,*7E
$GPGSV,4,2,15,07,23,178,,09,66,257,,11,,,,16,,,*7D
$GPGSV,4,3,15,17,13,233,,19,20,255,,22,24,104,,23,73,033,*72
$GPGSV,4,4,15,26,04,067,,30,,,,31,02,030,*7C
$GLGSV,3,1,11,78,28,120,,82,06,189,,77,32,060,,76,,,*5B
$GLGSV,3,2,11,79,,,,69,27,285,,84,36,307,,83,40,229,*54
$GLGSV,3,3,11,85,,,,67,29,061,,68,59,347,*67
$GPVTG,,T,,M,,N,,K,N*2C
$GPGSA,A,1,,,,,,,,,,,,,,,*1E
$GNGSA,A,1,,,,,,,,,,,,,,,*00
$GPGGA,,,,,,0,,,,,,,,*66
$GPRMC,,V,,,,,,,,,,N*53
$GPGSV,4,1,15,01,12,156,,02,10,319,,03,43,092,,06,43,303,*7E
$GPGSV,4,2,15,07,23,178,,09,66,257,,11,,,,16,,,*7D
$GPGSV,4,3,15,17,13,233,,19,20,255,,22,24,104,,23,73,033,*72
$GPGSV,4,4,15,26,04,067,,30,,,,31,02,030,*7C
$GLGSV,3,1,11,78,28,120,,82,06,189,,77,32,060,,76,,,*5B
$GLGSV,3,2,11,79,,,,69,27,285,,84,36,307,,83,40,229,*54
$GLGSV,3,3,11,85,,,,67,29,061,,68,59,347,*67
$GPVTG,,T,,M,,N,,K,N*2C
$GPGSA,A,1,,,,,,,,,,,,,,,*1E
$GNGSA,A,1,,,,,,,,,,,,,,,*00
$GPGGA,,,,,,0,,,,,,,,*66
$GPRMC,,V,,,,,,,,,,N*53
$GPGSV,4,1,15,01,12,156,,02,10,319,,03,43,092,,06,43,303,*7E
$GPGSV,4,2,15,07,23,178,,09,66,257,,11,,,,16,,,*7D
$GPGSV,4,3,15,17,13,233,,19,20,255,,22,24,104,,23,73,033,*72
$GPGSV,4,4,15,26,04,067,,30,,,,31,02,030,*7C
$GLGSV,3,1,11,78,28,120,,82,06,189,,77,32,060,,76,,,*5B
$GLGSV,3,2,11,79,,,,69,27,285,,84,36,307,,83,40,229,*54
$GLGSV,3,3,11,85,,,,67,29,061,,68,59,347,*67
$GPVTG,,T,,M,,N,,K,N*2C
$GPGSA,A,1,,,,,,,,,,,,,,,*1E
$GNGSA,A,1,,,,,,,,,,,,,,,*00
$GPGGA,,,,,,0,,,,,,,,*66
$GPRMC,,V,,,,,,,,,,N*53
$GPGSV,4,1,15,01,12,156,,02,10,319,,03,43,092,,06,43,303,*7E
$GPGSV,4,2,15,07,23,178,,09,66,257,,11,,,,16,,,*7D
$GPGSV,4,3,15,17,13,233,,19,20,255,,22,24,104,,23,73,033,*72
$GPGSV,4,4,15,26,04,067,,30,,,,31,02,030,*7C
$GLGSV,3,1,11,78,28,120,,82,06,189,,77,32,060,,76,,,*5B
$GLGSV,3,2,11,79,,,,69,27,285,,84,36,307,,83,40,229,*54
$GLGSV,3,3,11,85,,,,67,29,061,,68,59,347,*67
$GPVTG,,T,,M,,N,,K,N*2C
$GPGSA,A,1,,,,,,,,,,,,,,,*1E
$GNGSA,A,1,,,,,,,,,,,,,,,*00
$GPGGA,,,,,,0,,,,,,,,*66
$GPRMC,,V,,,,,,,,,,N*53
$GPGSV,4,1,15,01,12,156,,02,10,319,,03,43,092,,06,43,303,*7E
$GPGSV,4,2,15,07,23,178,,09,66,257,,11,,,,16,,,*7D
$GPGSV,4,3,15,17,13,233,,19,20,255,,22,24,104,,23,73,033,*72
$GPGSV,4,4,15,26,04,067,,30,,,,31,02,030,*7C
$GLGSV,3,1,11,78,28,120,,82,06,189,,77,32,060,,76,,,*5B
$GLGSV,3,2,11,79,,,,69,27,285,,84,36,307,,83,40,229,*54
$GLGSV,3,3,11,85,,,,67,29,061,,68,59,347,*67
$GPVTG,,T,,M,,N,,K,N*2C
$GPGSA,A,1,,,,,,,,,,,,,,,*1E
$GNGSA,A,1,,,,,,,,,,,,,,,*00
$GPGGA,,,,,,0,,,,,,,,*66
$GPRMC,,V,,,,,,,,,,N*53
$GPGSV,4,1,15,01,12,156,,02,10,319,,03,43,092,,06,43,303,*7E
$GPGSV,4,2,15,07,23,178,,09,66,257,,11,,,,16,,,*7D
$GPGSV,4,3,15,17,13,233,,19,20,255,,22,24,104,,23,73,033,*72
$GPGSV,4,4,15,26,04,067,,30,,,,31,02,030,*7C
$GLGSV,3,1,11,78,28,120,,82,06,189,,77,32,060,,76,,,*5B
$GLGSV,3,2,11,79,,,,69,27,285,,84,36,307,,83,40,229,*54
$GLGSV,3,3,11,85,,,,67,29,061,,68,59,347,*67
$GPVTG,,T,,M,,N,,K,N*2C
$GPGSA,A,1,,,,,,,,,,,,,,,*1E
$GNGSA,A,1,,,,,,,,,,,,,,,*00
$GPGGA,,,,,,0,,,,,,,,*66
$GPRMC,,V,,,,,,,,,,N*53
$GPGSV,4,1,15,01,12,156,,02,10,319,,03,43,092,,06,43,303,*7E
$GPGSV,4,2,15,07,23,178,,09,66,257,,11,,,,16,,,*7D
$GPGSV,4,3,15,17,13,233,,19,20,255,,22,24,104,,23,73,033,*72
$GPGSV,4,4,15,26,04,067,,30,,,,31,01,030,*7F
$GLGSV,3,1,11,78,28,120,,82,06,189,,77,32,060,,76,,,*5B
$GLGSV,3,2,11,79,,,,69,27,285,,84,36,307,,83,40,229,*54
$GLGSV,3,3,11,85,,,,67,29,061,,68,59,347,*67
$GPVTG,,T,,M,,N,,K,N*2C
$GPGSA,A,1,,,,,,,,,,,,,,,*1E
$GNGSA,A,1,,,,,,,,,,,,,,,*00
$GPGGA,,,,,,0,,,,,,,,*66
$GPRMC,,V,,,,,,,,,,N*53
$GPGSV,4,1,15,01,12,156,,02,10,319,,03,43,092,,06,43,303,*7E
$GPGSV,4,2,15,07,23,178,,09,66,257,,11,,,,16,,,*7D
$GPGSV,4,3,15,17,13,233,,19,20,255,,22,24,104,,23,73,033,*72
$GPGSV,4,4,15,26,04,067,,30,,,,31,01,030,*7F
$GLGSV,3,1,11,78,28,120,,82,06,189,,77,32,060,,76,,,*5B
$GLGSV,3,2,11,79,,,,69,27,285,,84,36,307,,83,40,229,*54
$GLGSV,3,3,11,85,,,,67,29,061,,68,59,347,*67
$GPVTG,,T,,M,,N,,K,N*2C
$GPGSA,A,1,,,,,,,,,,,,,,,*1E
$GNGSA,A,1,,,,,,,,,,,,,,,*00
$GPGGA,,,,,,0,,,,,,,,*66
$GPRMC,,V,,,,,,,,,,N*53
$GPGSV,4,1,15,01,12,156,,02,10,319,,03,43,092,,06,43,303,*7E
$GPGSV,4,2,15,07,23,178,,09,66,257,,11,,,,16,,,*7D
$GPGSV,4,3,15,17,13,233,,19,20,255,,22,24,104,,23,73,033,*72
$GPGSV,4,4,15,26,04,067,,30,,,,31,01,030,*7F
$GLGSV,3,1,11,78,28,120,,82,06,189,,77,32,060,,76,,,*5B
$GLGSV,3,2,11,79,,,,69,27,285,,84,36,307,,83,40,229,*54
$GLGSV,3,3,11,85,,,,67,29,061,,68,59,347,*67
$GPVTG,,T,,M,,N,,K,N*2C
$GPGSA,A,1,,,,,,,,,,,,,,,*1E
$GNGSA,A,1,,,,,,,,,,,,,,,*00
$GPGGA,,,,,,0,,,,,,,,*66
$GPRMC,,V,,,,,,,,,,N*53
$GPGSV,4,1,15,01,12,156,,02,10,319,,03,43,092,,06,43,303,*7E
$GPGSV,4,2,15,07,23,178,,09,66,257,,11,,,,16,,,*7D
$GPGSV,4,3,15,17,13,233,,19,20,255,,22,24,104,,23,73,033,*72
$GPGSV,4,4,15,26,04,067,,30,,,,31,01,030,*7F
$GLGSV,3,1,11,78,28,120,,82,06,189,,77,32,060,,76,,,*5B
$GLGSV,3,2,11,79,,,,69,27,285,,84,36,307,,83,40,229,*54
$GLGSV,3,3,11,85,,,,67,29,061,,68,59,347,*67
$GPVTG,,T,,M,,N,,K,N*2C
$GPGSA,A,1,,,,,,,,,,,,,,,*1E
$GNGSA,A,1,,,,,,,,,,,,,,,*00
$GPGGA,,,,,,0,,,,,,,,*66
$GPRMC,,V,,,,,,,,,,N*53
$GPGSV,4,1,15,01,12,156,,02,10,319,,03,43,092,,06,43,303,*7E
$GPGSV,4,2,15,07,23,178,,09,66,257,,11,,,,16,,,*7D
$GPGSV,4,3,15,17,13,233,,19,20,255,,22,24,104,,23,73,033,*72
$GPGSV,4,4,15,26,04,067,,30,,,,31,01,030,*7F
$GLGSV,3,1,11,78,28,120,,82,06,189,,77,32,060,,76,,,*5B
$GLGSV,3,2,11,79,,,,69,27,285,,84,36,307,,83,40,229,*54
$GLGSV,3,3,11,85,,,,67,29,061,,68,59,347,*67
$GPVTG,,T,,M,,N,,K,N*2C
$GPGSA,A,1,,,,,,,,,,,,,,,*1E
$GNGSA,A,1,,,,,,,,,,,,,,,*00
$GPGGA,,,,,,0,,,,,,,,*66
$GPRMC,,V,,,,,,,,,,N*53
$GPGSV,4,1,15,01,12,156,,02,10,319,,03,43,092,,06,43,303,*7E
$GPGSV,4,2,15,07,23,178,,09,66,257,,11,,,,16,,,*7D
$GPGSV,4,3,15,17,13,233,,19,20,255,,22,24,104,,23,73,033,*72
$GPGSV,4,4,15,26,04,067,,30,,,,31,01,030,*7F
$GLGSV,3,1,11,78,28,120,,82,06,189,,77,32,060,,76,,,*5B
$GLGSV,3,2,11,79,,,,69,27,285,,84,36,307,,83,40,229,*54
$GLGSV,3,3,11,85,,,,67,29,061,,68,59,347,*67
$GPVTG,,T,,M,,N,,K,N*2C
$GPGSA,A,1,,,,,,,,,,,,,,,*1E
$GNGSA,A,1,,,,,,,,,,,,,,,*00
$GPGGA,,,,,,0,,,,,,,,*66
$GPRMC,,V,,,,,,,,,,N*53
$GPGSV,4,1,15,01,12,156,,02,10,319,,03,43,092,,06,43,303,*7E
$GPGSV,4,2,15,07,23,178,,09,66,257,,11,,,,16,,,*7D
$GPGSV,4,3,15,17,13,233,,19,20,255,,22,24,104,,23,73,033,*72
$GPGSV,4,4,15,26,04,067,,30,,,,31,01,030,*7F
$GLGSV,3,1,11,78,28,120,,82,06,189,,77,32,060,,76,,,*5B
$GLGSV,3,2,11,79,,,,69,27,285,,84,36,307,,83,40,229,*54
$GLGSV,3,3,11,85,,,,67,29,061,,68,59,347,*67
$GPVTG,,T,,M,,N,,K,N*2C
$GPGSA,A,1,,,,,,,,,,,,,,,*1E
$GNGSA,A,1,,,,,,,,,,,,,,,*00
$GPGGA,,,,,,0,,,,,,,,*66
$GPRMC,,V,,,,,,,,,,N*53
$GPGSV,4,1,15,01,12,156,,02,10,319,,03,43,092,,06,43,303,*7E
$GPGSV,4,2,15,07,23,178,,09,66,257,,11,,,,16,,,*7D
$GPGSV,4,3,15,17,13,233,,19,20,255,,22,24,104,,23,73,033,*72
$GPGSV,4,4,15,26,04,067,,30,,,,31,01,030,*7F
$GLGSV,3,1,11,78,28,120,,82,06,189,,77,32,060,,76,,,*5B
$GLGSV,3,2,11,79,,,,69,27,285,,84,36,307,,83,40,229,*54
$GLGSV,3,3,11,85,,,,67,29,061,,68,59,347,*67
$GPVTG,,T,,M,,N,,K,N*2C
$GPGSA,A,1,,,,,,,,,,,,,,,*1E
$GNGSA,A,1,,,,,,,,,,,,,,,*00
$GPGGA,,,,,,0,,,,,,,,*66
$GPRMC,,V,,,,,,,,,,N*53
$GPGSV,4,1,15,01,12,156,,02,10,319,,03,43,092,,06,43,303,*7E
$GPGSV,4,2,15,07,23,178,,09,66,257,,11,,,,16,,,*7D
$GPGSV,4,3,15,17,13,233,,19,20,255,,22,24,104,,23,73,033,*72
$GPGSV,4,4,15,26,04,067,,30,,,,31,01,030,*7F
$GLGSV,3,1,11,78,28,120,,82,06,189,,77,32,060,,76,,,*5B
$GLGSV,3,2,11,79,,,,69,27,285,,84,36,307,,83,40,229,*54
$GLGSV,3,3,11,85,,,,67,29,061,,68,59,347,*67
$GPVTG,,T,,M,,N,,K,N*2C
$GPGSA,A,1,,,,,,,,,,,,,,,*1E
$GNGSA,A,1,,,,,,,,,,,,,,,*00
$GPGGA,,,,,,0,,,,,,,,*66
$GPRMC,,V,,,,,,,,,,N*53
