$GPGGA,110024.00,4155.817364,N,01236.702127,E,1,09,1.6,68.1,M,45.0,M,,*57
$GPGSV,3,1,11,13,74,331,20,28,61,076,23,15,39,307,20,05,38,207,13*75
$GPGSV,3,2,11,30,36,063,37,17,13,130,37,24,13,265,20,07,06,072,40*7A
$GPGSV,3,3,11,19,00,153,,20,00,330,,08,01,025,*4A
$GLGSV,3,1,09,73,49,032,32,74,69,278,23,75,19,238,25,72,70,304,*66
$GLGSV,3,2,09,71,51,165,,65,24,326,,82,07,030,,83,03,076,*68
$GLGSV,3,3,09,70,02,155,*58
$GPGSA,A,3,05,07,13,15,17,24,28,30,,,,,2.2,1.5,1.6*3C
$GNGSA,A,3,05,07,13,15,17,24,28,30,,,,,2.2,1.5,1.6*22
$GNGSA,A,3,73,,,,,,,,,,,,2.2,1.5,1.6*2B
$QZGSA,A,3,,,,,,,,,,,,,2.2,1.5,1.6*2D
$IMGSA,A,3,,,,,,,,,,,,,2.2,1.5,1.6*22
$GPRMC,110024.00,A,4155.817364,N,01236.702127,E,000.0,,220219,,,A*71