$GPGGA,110018.00,4155.818926,N,01236.701265,E,1,08,1.6,67.3,M,45.0,M,,*51
$GPGSV,3,1,11,13,74,331,20,28,61,076,23,15,39,307,19,05,38,207,14*78
$GPGSV,3,2,11,30,36,063,37,17,13,130,37,24,13,265,20,07,06,072,40*7A
$GPGSV,3,3,11,19,00,153,,20,00,330,,08,01,025,*4A
$GLGSV,3,1,09,73,49,032,33,75,19,238,26,72,70,304,,74,69,278,*65
$GLGSV,3,2,09,71,51,165,,65,24,326,,82,07,030,,83,03,076,*68
$GLGSV,3,3,09,70,02,155,*58
$GPGSA,A,3,07,13,15,17,24,28,30,,,,,,2.2,1.5,1.6*39
$GNGSA,A,3,07,13,15,17,24,28,30,,,,,,2.2,1.5,1.6*27
$GNGSA,A,3,73,,,,,,,,,,,,2.2,1.5,1.6*2B
$QZGSA,A,3,,,,,,,,,,,,,2.2,1.5,1.6*2D
$IMGSA,A,3,,,,,,,,,,,,,2.2,1.5,1.6*22
$GPRMC,110018.00,A,4155.818926,N,01236.701265,E,000.0,,220219,,,A*7B
$GPGGA,110019.00,4155.818467,N,01236.701668,E,1,08,1.6,67.5,M,45.0,M,,*57
$GPGSV,3,1,11,13,74,331,20,28,61,076,23,15,39,307,20,05,38,207,13*75
$GPGSV,3,2,11,30,36,063,37,17,13,130,37,24,13,265,20,07,06,072,40*7A
$GPGSV,3,3,11,19,00,153,,20,00,330,,08,01,025,*4A
$GLGSV,3,1,09,73,49,032,33,75,19,238,26,72,70,304,,74,69,278,*65
$GLGSV,3,2,09,71,51,165,,65,24,326,,82,07,030,,83,03,076,*68
$GLGSV,3,3,09,70,02,155,*58
$GPGSA,A,3,07,13,15,17,24,28,30,,,,,,2.2,1.5,1.6*39
$GNGSA,A,3,07,13,15,17,24,28,30,,,,,,2.2,1.5,1.6*27
$GNGSA,A,3,73,,,,,,,,,,,,2.2,1.5,1.6*2B
$QZGSA,A,3,,,,,,,,,,,,,2.2,1.5,1.6*2D
$IMGSA,A,3,,,,,,,,,,,,,2.2,1.5,1.6*22
$GPRMC,110019.00,A,4155.818467,N,01236.701668,E,000.0,,220219,,,A*7B
$GPGGA,110020.00,4155.818140,N,01236.701978,E,1,08,1.6,67.6,M,45.0,M,,*50
$GPGSV,3,1,11,13,74,331,21,28,61,076,23,15,39,307,20,05,38,207,13*74
$GPGSV,3,2,11,30,36,063,37,17,13,130,37,24,13,265,20,07,06,072,40*7A
$GPGSV,3,3,11,19,00,153,,20,00,330,,08,01,025,*4A
$GLGSV,3,1,09,73,49,032,33,74,69,278,21,75,19,238,26,72,70,304,*66
$GLGSV,3,2,09,71,51,165,,65,24,326,,82,07,030,,83,03,076,*68
$GLGSV,3,3,09,70,02,155,*58
$GPGSA,A,3,07,13,15,17,24,28,30,,,,,,2.2,1.5,1.6*39
$GNGSA,A,3,07,13,15,17,24,28,30,,,,,,2.2,1.5,1.6*27
$GNGSA,A,3,73,,,,,,,,,,,,2.2,1.5,1.6*2B
$QZGSA,A,3,,,,,,,,,,,,,2.2,1.5,1.6*2D
$IMGSA,A,3,,,,,,,,,,,,,2.2,1.5,1.6*22
$GPRMC,110020.00,A,4155.818140,N,01236.701978,E,000.0,,220219,,,A*7F
$GPGGA,110021.00,4155.817390,N,01236.702366,E,1,09,1.6,68.4,M,45.0,M,,*5B
$GPGSV,3,1,11,13,74,331,21,28,61,076,23,15,39,307,20,05,38,207,13*74
$GPGSV,3,2,11,30,36,063,37,17,13,130,37,24,13,265,20,07,06,072,40*7A
$GPGSV,3,3,11,19,00,153,,20,00,330,,08,01,025,*4A
$GLGSV,3,1,09,73,49,032,33,74,69,278,24,75,19,238,25,72,70,304,*60
$GLGSV,3,2,09,71,51,165,,65,24,326,,82,07,030,,83,03,076,*68
$GLGSV,3,3,09,70,02,155,*58
$GPGSA,A,3,05,07,13,15,17,24,28,30,,,,,2.2,1.5,1.6*3C
$GNGSA,A,3,05,07,13,15,17,24,28,30,,,,,2.2,1.5,1.6*22
$GNGSA,A,3,73,,,,,,,,,,,,2.2,1.5,1.6*2B
$QZGSA,A,3,,,,,,,,,,,,,2.2,1.5,1.6*2D
$IMGSA,A,3,,,,,,,,,,,,,2.2,1.5,1.6*22
$GPRMC,110021.00,A,4155.817390,N,01236.702366,E,000.0,,220219,,,A*78
$GPGGA,110022.00,4155.817315,N,01236.702171,E,1,08,1.6,68.3,M,45.0,M,,*57
$GPGSV,3,1,11,13,74,331,20,28,61,076,23,15,39,307,20,05,38,207,13*75
$GPGSV,3,2,11,30,36,063,37,17,13,130,37,24,13,265,20,07,06,072,40*7A
$GPGSV,3,3,11,19,00,153,,20,00,330,,08,01,025,*4A
$GLGSV,3,1,09,73,49,032,33,74,69,278,24,75,19,238,25,72,70,304,*60
$GLGSV,3,2,09,71,51,165,,65,24,326,,82,07,030,,83,03,076,*68
$GLGSV,3,3,09,70,02,155,*58
$GPGSA,A,3,07,13,15,17,24,28,30,,,,,,2.2,1.5,1.6*39
$GNGSA,A,3,07,13,15,17,24,28,30,,,,,,2.2,1.5,1.6*27
$GNGSA,A,3,73,,,,,,,,,,,,2.2,1.5,1.6*2B
$QZGSA,A,3,,,,,,,,,,,,,2.2,1.5,1.6*2D
$IMGSA,A,3,,,,,,,,,,,,,2.2,1.5,1.6*22
$GPRMC,110022.00,A,4155.817315,N,01236.702171,E,000.0,,220219,,,A*72
$GPGGA,110043.00,4155.793152,N,01236.688056,E,1,05,3.2,0.0,M,45.0,M,,*63
$GPGSV,3,1,10,07,26,058,51,15,16,300,50,09,07,112,49,08,06,045,49*76
$GPGSV,3,2,10,21,02,323,,05,59,235,51,30,59,049,51,28,56,130,52*79
$GPGSV,3,3,10,13,50,307,51,04,,,51*4F
$GLGSV,2,1,07,75,76,020,,65,73,140,,76,53,229,,66,40,325,*6C
$GLGSV,2,2,07,72,25,142,,74,19,036,,83,03,007,*56
$GPGSA,A,3,07,08,09,15,,,,,,,,,4.3,1.6,4.0*34
$GNGSA,A,3,07,08,09,15,,,,,,,,,4.3,1.6,4.0*2A
$GNGSA,A,3,,,,,,,,,,,,,4.3,1.6,4.0*28
$QZGSA,A,3,,,,,,,,,,,,,4.3,1.6,4.0*2A
$IMGSA,A,3,,,,,,,,,,,,,4.3,1.6,4.0*25
$GPRMC,110043.00,A,4155.793152,N,01236.688056,E,002.9,,080219,,,A*73
$GPGGA,110044.00,4155.793152,N,01236.688056,E,1,05,3.2,0.0,M,45.0,M,,*64
$GPGSV,3,1,10,07,26,058,51,15,16,300,50,09,07,112,49,08,06,045,49*76
$GPGSV,3,2,10,21,02,323,,05,59,235,51,30,59,049,51,28,56,130,52*79
$GPGSV,3,3,10,13,50,307,51,04,,,51*4F
$GLGSV,2,1,07,75,75,020,,65,73,140,,76,53,229,,66,40,325,*6F
$GLGSV,2,2,07,72,25,142,,74,19,036,,83,03,007,*56
$GPGSA,A,3,07,08,09,15,,,,,,,,,4.3,1.6,4.0*34
$GNGSA,A,3,07,08,09,15,,,,,,,,,4.3,1.6,4.0*2A
$GNGSA,A,3,,,,,,,,,,,,,4.3,1.6,4.0*28
$QZGSA,A,3,,,,,,,,,,,,,4.3,1.6,4.0*2A
$IMGSA,A,3,,,,,,,,,,,,,4.3,1.6,4.0*25
$GPRMC,110044.00,A,4155.793152,N,01236.688056,E,,,080219,,,A*51
$GPGGA,110045.00,4155.787851,N,01236.691816,E,1,05,3.2,0.0,M,45.0,M,,*6E
$GPGSV,3,1,10,07,26,058,51,15,16,300,50,09,07,112,49,08,06,045,49*76
$GPGSV,3,2,10,21,02,323,,05,59,235,51,30,59,049,51,28,56,129,51*72
$GPGSV,3,3,10,13,50,307,51,04,,,51*4F
$GLGSV,2,1,07,75,75,020,,65,73,140,,76,53,229,,66,40,325,*6F
$GLGSV,2,2,07,72,25,142,,74,19,036,,83,03,007,*56
$GPGSA,A,3,07,08,09,15,,,,,,,,,4.3,1.6,4.0*34
$GNGSA,A,3,07,08,09,15,,,,,,,,,4.3,1.6,4.0*2A
$GNGSA,A,3,,,,,,,,,,,,,4.3,1.6,4.0*28
$QZGSA,A,3,,,,,,,,,,,,,4.3,1.6,4.0*2A
$IMGSA,A,3,,,,,,,,,,,,,4.3,1.6,4.0*25
$GPRMC,110045.00,A,4155.787851,N,01236.691816,E,002.6,,080219,,,A*71
$GPGGA,110046.00,4155.787419,N,01236.692908,E,1,05,3.2,0.0,M,45.0,M,,*60
$GPGSV,3,1,10,07,26,058,51,15,16,300,50,09,07,112,49,08,06,045,49*76
$GPGSV,3,2,10,21,02,323,,05,59,235,51,30,59,049,51,28,56,129,51*72
$GPGSV,3,3,10,13,50,307,51,04,,,50*4E
$GLGSV,2,1,07,75,75,020,,65,73,140,,76,53,229,,66,40,325,*6F
$GLGSV,2,2,07,72,25,142,,74,19,036,,83,03,007,*56
$GPGSA,A,3,07,08,09,15,,,,,,,,,4.3,1.6,4.0*34
$GNGSA,A,3,07,08,09,15,,,,,,,,,4.3,1.6,4.0*2A
$GNGSA,A,3,,,,,,,,,,,,,4.3,1.6,4.0*28
$QZGSA,A,3,,,,,,,,,,,,,4.3,1.6,4.0*2A
$IMGSA,A,3,,,,,,,,,,,,,4.3,1.6,4.0*25
$GPRMC,110046.00,A,4155.787419,N,01236.692908,E,002.9,,080219,,,A*70
$GPGGA,110047.00,4155.787419,N,01236.692908,E,1,05,3.2,0.0,M,45.0,M,,*61
$GPGSV,3,1,10,07,26,058,51,15,16,300,50,09,07,112,49,08,06,045,49*76
$GPGSV,3,2,10,21,02,323,,05,59,235,51,30,59,049,51,28,56,129,51*72
$GPGSV,3,3,10,13,50,307,51,04,,,50*4E
$GLGSV,2,1,07,75,75,020,,65,73,140,,76,53,229,,66,40,325,*6F
$GLGSV,2,2,07,72,25,142,,74,19,036,,83,03,007,*56
$GPGSA,A,3,07,08,09,15,,,,,,,,,4.3,1.6,4.0*34
$GNGSA,A,3,07,08,09,15,,,,,,,,,4.3,1.6,4.0*2A
$GNGSA,A,3,,,,,,,,,,,,,4.3,1.6,4.0*28
$QZGSA,A,3,,,,,,,,,,,,,4.3,1.6,4.0*2A
$IMGSA,A,3,,,,,,,,,,,,,4.3,1.6,4.0*25
$GPRMC,110047.00,A,4155.787419,N,01236.692908,E,,,080219,,,A*54
$GPGGA,110048.00,4155.784468,N,01236.693416,E,1,05,3.2,0.0,M,45.0,M,,*68
$GPGSV,3,1,10,07,26,058,51,15,16,300,50,09,07,112,49,08,06,045,49*76
$GPGSV,3,2,10,21,02,323,,05,59,235,51,30,59,049,51,28,56,129,51*72
$GPGSV,3,3,10,13,50,307,51,04,,,50*4E
$GLGSV,2,1,07,75,75,020,,65,73,140,,76,53,229,,66,40,325,*6F
$GLGSV,2,2,07,72,25,142,,74,19,036,,83,03,007,*56
$GPGSA,A,3,07,08,09,15,,,,,,,,,4.3,1.6,4.0*34
$GNGSA,A,3,07,08,09,15,,,,,,,,,4.3,1.6,4.0*2A
$GNGSA,A,3,,,,,,,,,,,,,4.3,1.6,4.0*28
$QZGSA,A,3,,,,,,,,,,,,,4.3,1.6,4.0*2A
$IMGSA,A,3,,,,,,,,,,,,,4.3,1.6,4.0*25
$GPRMC,110048.00,A,4155.784468,N,01236.693416,E,002.3,,080219,,,A*72