$GPGGA,105956.36,,,,,0,00,999.9,,M,,M,,*6D
$GPGSV,3,1,11,13,73,330,,28,61,077,,15,39,307,,05,38,207,*71
$GPGSV,3,2,11,30,36,063,,24,13,264,,17,12,130,,07,06,072,*7C
$GPGSV,3,3,11,19,00,153,,20,00,330,,08,01,025,*4A
$GLGSV,3,1,09,74,69,277,,72,69,305,,71,51,165,,73,49,032,*64
$GLGSV,3,2,09,65,24,326,,75,18,237,,70,02,155,,82,07,031,*69
$GLGSV,3,3,09,83,03,076,*55
$GPGSA,A,1,,,,,,,,,,,,,140.0,99.0,99.0*35
$GNGSA,A,1,,,,,,,,,,,,,140.0,99.0,99.0*2B
$GNGSA,A,1,,,,,,,,,,,,,140.0,99.0,99.0*2B
$QZGSA,A,1,,,,,,,,,,,,,140.0,99.0,99.0*29
$IMGSA,A,1,,,,,,,,,,,,,140.0,99.0,99.0*26
$GPRMC,105956.36,V,,,,,,,220219,,,N*7C
$GPGGA,105957.12,,,,,0,00,999.9,,M,,M,,*6A
$GPGSV,3,1,11,07,06,072,35,13,73,330,,28,61,077,,15,39,307,*78
$GPGSV,3,2,11,05,38,207,,30,36,063,,24,13,264,,17,12,130,*73
$GPGSV,3,3,11,19,00,153,,20,00,330,,08,01,025,*4A
$GLGSV,3,1,09,72,69,305,,74,69,277,,71,51,165,,73,49,032,*64
$GLGSV,3,2,09,65,24,326,,75,18,237,,70,02,155,,82,07,031,*69
$GLGSV,3,3,09,83,03,076,*55
$GPGSA,A,1,,,,,,,,,,,,,140.0,99.0,99.0*35
$GNGSA,A,1,,,,,,,,,,,,,140.0,99.0,99.0*2B
$GNGSA,A,1,,,,,,,,,,,,,140.0,99.0,99.0*2B
$QZGSA,A,1,,,,,,,,,,,,,140.0,99.0,99.0*29
$IMGSA,A,1,,,,,,,,,,,,,140.0,99.0,99.0*26
$GPRMC,105957.12,V,,,,,,,220219,,,N*7B
$GPGGA,105957.36,,,,,0,00,999.9,,M,,M,,*6C
$GPGSV,3,1,11,28,61,076,22,30,36,063,35,17,12,130,34,07,06,072,35*70
$GPGSV,3,2,11,13,73,330,,15,39,307,,05,38,207,,24,13,264,*7B
$GPGSV,3,3,11,20,00,330,,19,00,153,,08,01,025,*4A
$GLGSV,3,1,09,73,49,032,33,72,69,305,,74,69,277,,71,51,165,*64
$GLGSV,3,2,09,65,24,326,,75,18,237,,70,02,155,,82,07,031,*69
$GLGSV,3,3,09,83,03,076,*55
$GPGSA,A,1,,,,,,,,,,,,,140.0,99.0,99.0*35
$GNGSA,A,1,,,,,,,,,,,,,140.0,99.0,99.0*2B
$GNGSA,A,1,,,,,,,,,,,,,140.0,99.0,99.0*2B
$QZGSA,A,1,,,,,,,,,,,,,140.0,99.0,99.0*29
$IMGSA,A,1,,,,,,,,,,,,,140.0,99.0,99.0*26
$GPRMC,105957.36,V,,,,,,,220219,,,N*7D
$GPGGA,105958.37,4155.830183,N,01236.706670,E,1,05,0.4,89.5,M,45.0,M,,*5E
$GPGSV,3,1,11,28,61,076,23,30,36,063,36,17,12,130,35,07,06,072,37*71
$GPGSV,3,2,11,13,73,330,,15,39,307,,05,38,207,,24,13,264,*7B
$GPGSV,3,3,11,20,00,330,,19,00,153,,08,01,025,*4A
$GLGSV,3,1,09,73,49,032,34,72,69,305,,74,69,277,,71,51,165,*63
$GLGSV,3,2,09,65,24,326,,75,18,237,,70,02,155,,82,07,031,*69
$GLGSV,3,3,09,83,03,076,*55
$GPGSA,A,3,07,17,28,30,,,,,,,,,19.8,19.3,4.4*31
$GNGSA,A,3,07,17,28,30,,,,,,,,,19.8,19.3,4.4*2F
$GNGSA,A,3,73,,,,,,,,,,,,19.8,19.3,4.4*23
$QZGSA,A,3,,,,,,,,,,,,,19.8,19.3,4.4*25
$IMGSA,A,3,,,,,,,,,,,,,19.8,19.3,4.4*2A
$GPRMC,105958.37,A,4155.830183,N,01236.706670,E,001.7,,220219,,,A*7A
$GPGGA,105959.29,4155.829597,N,01236.706737,E,1,05,0.8,72.3,M,45.0,M,,*55
$GPGSV,3,1,11,28,61,076,25,30,36,063,36,17,12,130,37,07,06,072,39*7B
$GPGSV,3,2,11,13,74,330,,15,39,307,,05,38,207,,24,13,264,*7C
$GPGSV,3,3,11,20,00,330,,19,00,153,,08,01,025,*4A
$GLGSV,3,1,09,73,49,032,34,74,69,277,,72,69,305,,71,51,165,*63
$GLGSV,3,2,09,65,24,326,,75,18,237,,82,07,031,,83,03,076,*64
$GLGSV,3,3,09,70,02,155,*58
$GPGSA,A,3,07,17,28,30,,,,,,,,,19.8,19.3,4.4*31
$GNGSA,A,3,07,17,28,30,,,,,,,,,19.8,19.3,4.4*2F
$GNGSA,A,3,73,,,,,,,,,,,,19.8,19.3,4.4*23
$QZGSA,A,3,,,,,,,,,,,,,19.8,19.3,4.4*25
$IMGSA,A,3,,,,,,,,,,,,,19.8,19.3,4.4*2A
$GPRMC,105959.29,A,4155.829597,N,01236.706737,E,005.5,,220219,,,A*79
$GPGGA,110000.32,4155.828864,N,01236.706791,E,1,05,0.6,72.5,M,45.0,M,,*5A
$GPGSV,3,1,11,28,61,076,25,30,36,063,37,24,13,264,18,17,12,130,37*79
$GPGSV,3,2,11,07,06,072,40,13,74,330,,15,39,307,,05,38,207,*78
$GPGSV,3,3,11,19,00,153,,20,00,330,,08,01,025,*4A
$GLGSV,3,1,09,73,49,032,34,74,69,277,,72,69,305,,71,51,165,*63
$GLGSV,3,2,09,65,24,326,,75,18,237,,82,07,031,,83,03,076,*64
$GLGSV,3,3,09,70,02,155,*58
$GPGSA,A,3,07,17,28,30,,,,,,,,,19.8,19.3,4.4*31
$GNGSA,A,3,07,17,28,30,,,,,,,,,19.8,19.3,4.4*2F
$GNGSA,A,3,73,,,,,,,,,,,,19.8,19.3,4.4*23
$QZGSA,A,3,,,,,,,,,,,,,19.8,19.3,4.4*25
$IMGSA,A,3,,,,,,,,,,,,,19.8,19.3,4.4*2A
$GPRMC,110000.32,A,4155.828864,N,01236.706791,E,005.4,,220219,,,A*7F
$GPGGA,110001.34,4155.828759,N,01236.704766,E,1,05,1.6,66.7,M,45.0,M,,*50
$GPGSV,3,1,11,28,61,076,25,15,39,307,16,30,36,063,37,24,13,264,20*7C
$GPGSV,3,2,11,17,12,130,38,07,06,072,41,13,74,330,,05,38,207,*7F
$GPGSV,3,3,11,19,00,153,,20,00,330,,08,01,025,*4A
$GLGSV,3,1,09,73,49,032,34,74,69,277,,72,69,305,,71,51,165,*63
$GLGSV,3,2,09,65,24,326,,75,18,237,,82,07,031,,83,03,076,*64
$GLGSV,3,3,09,70,02,155,*58
$GPGSA,A,3,07,17,28,30,,,,,,,,,6.0,4.8,3.5*36
$GNGSA,A,3,07,17,28,30,,,,,,,,,6.0,4.8,3.5*28
$GNGSA,A,3,73,,,,,,,,,,,,6.0,4.8,3.5*24
$QZGSA,A,3,,,,,,,,,,,,,6.0,4.8,3.5*22
$IMGSA,A,3,,,,,,,,,,,,,6.0,4.8,3.5*2D
$GPRMC,110001.34,A,4155.828759,N,01236.704766,E,000.4,,220219,,,A*76
$GPGGA,110002.34,4155.827262,N,01236.704124,E,1,07,3.2,65.8,M,45.0,M,,*59
$GPGSV,3,1,11,28,61,076,25,15,39,307,20,30,36,063,37,24,13,264,20*79
$GPGSV,3,2,11,17,12,130,38,07,06,072,41,13,74,330,,05,38,207,*7F
$GPGSV,3,3,11,19,00,153,,20,00,330,,08,01,025,*4A
$GLGSV,3,1,09,73,49,032,34,74,69,277,,72,69,305,,71,51,165,*63
$GLGSV,3,2,09,65,24,326,,75,18,237,,82,07,031,,83,03,076,*64
$GLGSV,3,3,09,70,02,155,*58
$GPGSA,A,3,07,15,17,24,28,30,,,,,,,2.1,1.4,1.6*39
$GNGSA,A,3,07,15,17,24,28,30,,,,,,,2.1,1.4,1.6*27
$GNGSA,A,3,73,,,,,,,,,,,,2.1,1.4,1.6*29
$QZGSA,A,3,,,,,,,,,,,,,2.1,1.4,1.6*2F
$IMGSA,A,3,,,,,,,,,,,,,2.1,1.4,1.6*20
$GPRMC,110002.34,A,4155.827262,N,01236.704124,E,000.0,,220219,,,A*73
$GPGGA,110003.34,4155.825630,N,01236.703184,E,1,07,3.2,68.7,M,45.0,M,,*56
$GPGSV,3,1,11,28,61,076,24,15,39,307,20,30,36,063,37,24,13,264,20*78
$GPGSV,3,2,11,17,12,130,38,07,06,072,40,13,74,330,,05,38,207,*7E
$GPGSV,3,3,11,19,00,153,,20,00,330,,08,01,025,*4A
$GLGSV,3,1,09,73,49,032,34,72,70,305,,74,69,277,,71,51,165,*6B
$GLGSV,3,2,09,65,24,326,,75,18,237,,82,07,031,,83,03,076,*64
$GLGSV,3,3,09,70,02,155,*58
$GPGSA,A,3,07,15,17,24,28,30,,,,,,,2.0,1.3,1.6*3F
$GNGSA,A,3,07,15,17,24,28,30,,,,,,,2.0,1.3,1.6*21
$GNGSA,A,3,73,,,,,,,,,,,,2.0,1.3,1.6*2F
$QZGSA,A,3,,,,,,,,,,,,,2.0,1.3,1.6*29
$IMGSA,A,3,,,,,,,,,,,,,2.0,1.3,1.6*26
$GPRMC,110003.34,A,4155.825630,N,01236.703184,E,000.0,,220219,,,A*7E
$GPGGA,110004.00,4155.825123,N,01236.703034,E,1,07,3.2,67.6,M,45.0,M,,*57
$GPGSV,3,1,11,28,61,076,24,15,39,307,19,30,36,063,36,24,13,264,20*73
$GPGSV,3,2,11,17,12,130,38,07,06,072,40,13,74,330,,05,38,207,*7E
$GPGSV,3,3,11,19,00,153,,20,00,330,,08,01,025,*4A
$GLGSV,3,1,09,73,49,032,34,72,70,305,,74,69,277,,71,51,165,*6B
$GLGSV,3,2,09,65,24,326,,75,18,237,,82,07,031,,83,03,076,*64
$GLGSV,3,3,09,70,02,155,*58
$GPGSA,A,3,07,15,17,24,28,30,,,,,,,2.0,1.3,1.6*3F
$GNGSA,A,3,07,15,17,24,28,30,,,,,,,2.0,1.3,1.6*21
$GNGSA,A,3,73,,,,,,,,,,,,2.0,1.3,1.6*2F
$QZGSA,A,3,,,,,,,,,,,,,2.0,1.3,1.6*29
$IMGSA,A,3,,,,,,,,,,,,,2.0,1.3,1.6*26
$GPRMC,110004.00,A,4155.825123,N,01236.703034,E,000.0,,220219,,,A*71
$GPGGA,110005.00,4155.824728,N,01236.701722,E,1,07,2.4,66.5,M,45.0,M,,*5D
$GPGSV,3,1,11,28,61,076,24,15,39,307,19,30,36,063,36,24,13,264,20*73
$GPGSV,3,2,11,17,12,130,38,07,06,072,40,13,74,330,,05,38,207,*7E
$GPGSV,3,3,11,19,00,153,,20,00,330,,08,01,025,*4A
$GLGSV,3,1,09,73,49,032,34,72,70,305,,74,69,277,,71,51,165,*6B
$GLGSV,3,2,09,65,24,326,,75,18,237,,82,07,031,,83,03,076,*64
$GLGSV,3,3,09,70,02,155,*58
$GPGSA,A,3,07,15,17,24,28,30,,,,,,,2.0,1.3,1.6*3F
$GNGSA,A,3,07,15,17,24,28,30,,,,,,,2.0,1.3,1.6*21
$GNGSA,A,3,73,,,,,,,,,,,,2.0,1.3,1.6*2F
$QZGSA,A,3,,,,,,,,,,,,,2.0,1.3,1.6*29
$IMGSA,A,3,,,,,,,,,,,,,2.0,1.3,1.6*26
$GPRMC,110005.00,A,4155.824728,N,01236.701722,E,000.0,,220219,,,A*7E
$GPGGA,110006.00,4155.824111,N,01236.701595,E,1,07,2.4,66.7,M,45.0,M,,*5E
$GPGSV,3,1,11,28,61,076,24,15,39,307,19,30,36,063,36,24,13,264,20*73
$GPGSV,3,2,11,17,12,130,38,07,06,072,40,13,74,330,,05,38,207,*7E
$GPGSV,3,3,11,19,00,153,,20,00,330,,08,01,025,*4A
$GLGSV,3,1,09,73,49,032,34,72,70,305,,74,69,277,,71,51,165,*6B
$GLGSV,3,2,09,65,24,326,,75,18,238,,82,07,031,,83,03,076,*6B
$GLGSV,3,3,09,70,02,155,*58
$GPGSA,A,3,07,15,17,24,28,30,,,,,,,2.0,1.3,1.6*3F
$GNGSA,A,3,07,15,17,24,28,30,,,,,,,2.0,1.3,1.6*21
$GNGSA,A,3,73,,,,,,,,,,,,2.0,1.3,1.6*2F
$QZGSA,A,3,,,,,,,,,,,,,2.0,1.3,1.6*29
$IMGSA,A,3,,,,,,,,,,,,,2.0,1.3,1.6*26
$GPRMC,110006.00,A,4155.824111,N,01236.701595,E,000.0,,220219,,,A*7F
$GPGGA,110007.00,4155.823813,N,01236.701393,E,1,07,2.4,67.1,M,45.0,M,,*54
$GPGSV,3,1,11,28,61,076,24,15,39,307,19,30,36,063,36,24,13,264,20*73
$GPGSV,3,2,11,17,13,130,38,07,06,072,40,13,74,330,,05,38,207,*7F
$GPGSV,3,3,11,19,00,153,,20,00,330,,08,01,025,*4A
$GLGSV,3,1,09,73,49,032,34,72,70,305,,74,69,277,,71,51,165,*6B
$GLGSV,3,2,09,65,24,326,,75,18,238,,82,07,031,,83,03,076,*6B
$GLGSV,3,3,09,70,02,155,*58
$GPGSA,A,3,07,15,17,24,28,30,,,,,,,2.0,1.3,1.6*3F
$GNGSA,A,3,07,15,17,24,28,30,,,,,,,2.0,1.3,1.6*21
$GNGSA,A,3,73,,,,,,,,,,,,2.0,1.3,1.6*2F
$QZGSA,A,3,,,,,,,,,,,,,2.0,1.3,1.6*29
$IMGSA,A,3,,,,,,,,,,,,,2.0,1.3,1.6*26
$GPRMC,110007.00,A,4155.823813,N,01236.701393,E,000.0,,220219,,,A*72
$GPGGA,110008.00,4155.823038,N,01236.701227,E,1,07,2.4,70.2,M,45.0,M,,*51
$GPGSV,3,1,11,28,61,076,24,15,39,307,19,30,36,063,36,24,13,264,20*73
$GPGSV,3,2,11,17,13,130,38,07,06,072,40,13,74,330,,05,38,207,*7F
$GPGSV,3,3,11,19,00,153,,20,00,330,,08,01,025,*4A
$GLGSV,3,1,09,73,49,032,34,72,70,305,,74,69,277,,71,51,165,*6B
$GLGSV,3,2,09,65,24,326,,75,18,238,,82,07,031,,83,03,076,*6B
$GLGSV,3,3,09,70,02,155,*58
$GPGSA,A,3,07,15,17,24,28,30,,,,,,,2.0,1.3,1.6*3F
$GNGSA,A,3,07,15,17,24,28,30,,,,,,,2.0,1.3,1.6*21
$GNGSA,A,3,73,,,,,,,,,,,,2.0,1.3,1.6*2F
$QZGSA,A,3,,,,,,,,,,,,,2.0,1.3,1.6*29
$IMGSA,A,3,,,,,,,,,,,,,2.0,1.3,1.6*26
$GPRMC,110008.00,A,4155.823038,N,01236.701227,E,000.0,,220219,,,A*72
$GPGGA,110009.00,4155.822620,N,01236.700093,E,1,07,2.4,70.9,M,45.0,M,,*59
$GPGSV,3,1,11,28,61,076,24,15,39,307,19,30,36,063,36,24,13,264,20*73
$GPGSV,3,2,11,17,13,130,38,07,06,072,40,13,74,330,,05,38,207,*7F
$GPGSV,3,3,11,19,00,153,,20,00,330,,08,01,025,*4A
$GLGSV,3,1,09,73,49,032,34,72,70,305,,74,69,277,,71,51,165,*6B
$GLGSV,3,2,09,65,24,326,,75,18,238,,82,07,031,,83,03,076,*6B
$GLGSV,3,3,09,70,02,155,*58
$GPGSA,A,3,07,15,17,24,28,30,,,,,,,2.3,1.5,1.8*34
$GNGSA,A,3,07,15,17,24,28,30,,,,,,,2.3,1.5,1.8*2A
$GNGSA,A,3,73,,,,,,,,,,,,2.3,1.5,1.8*24
$QZGSA,A,3,,,,,,,,,,,,,2.3,1.5,1.8*22
$IMGSA,A,3,,,,,,,,,,,,,2.3,1.5,1.8*2D
$GPRMC,110009.00,A,4155.822620,N,01236.700093,E,000.0,,220219,,,A*71
$GPGGA,110010.00,4155.822388,N,01236.699723,E,1,07,2.4,70.3,M,45.0,M,,*51
$GPGSV,3,1,11,28,61,076,23,15,39,307,18,30,36,063,36,24,13,264,19*7F
$GPGSV,3,2,11,17,13,130,38,07,06,072,40,13,74,330,,05,38,207,*7F
$GPGSV,3,3,11,20,00,330,,19,00,153,,08,01,025,*4A
$GLGSV,3,1,09,73,49,032,34,75,18,238,22,72,70,305,,74,69,277,*69
$GLGSV,3,2,09,71,51,165,,65,24,326,,82,07,031,,83,03,076,*69
$GLGSV,3,3,09,70,02,155,*58
$GPGSA,A,3,07,15,17,24,28,30,,,,,,,2.3,1.5,1.8*34
$GNGSA,A,3,07,15,17,24,28,30,,,,,,,2.3,1.5,1.8*2A
$GNGSA,A,3,73,,,,,,,,,,,,2.3,1.5,1.8*24
$QZGSA,A,3,,,,,,,,,,,,,2.3,1.5,1.8*22
$IMGSA,A,3,,,,,,,,,,,,,2.3,1.5,1.8*2D
$GPRMC,110010.00,A,4155.822388,N,01236.699723,E,000.0,,220219,,,A*73
$GPGGA,110011.00,4155.821698,N,01236.700318,E,1,08,2.4,71.2,M,45.0,M,,*55
$GPGSV,3,1,11,13,74,331,13,28,61,076,23,15,39,307,18,30,36,063,36*71
$GPGSV,3,2,11,24,13,264,19,17,13,130,37,07,06,072,40,05,38,207,*7D
$GPGSV,3,3,11,20,00,330,,19,00,153,,08,01,025,*4A
$GLGSV,3,1,09,73,49,032,34,75,18,238,25,72,70,305,,74,69,277,*6E
$GLGSV,3,2,09,71,51,165,,65,24,326,,82,07,031,,83,03,076,*69
$GLGSV,3,3,09,70,02,155,*58
$GPGSA,A,3,07,13,15,17,24,28,30,,,,,,2.0,1.3,1.6*3D
$GNGSA,A,3,07,13,15,17,24,28,30,,,,,,2.0,1.3,1.6*23
$GNGSA,A,3,73,,,,,,,,,,,,2.0,1.3,1.6*2F
$QZGSA,A,3,,,,,,,,,,,,,2.0,1.3,1.6*29
$IMGSA,A,3,,,,,,,,,,,,,2.0,1.3,1.6*26
$GPRMC,110011.00,A,4155.821698,N,01236.700318,E,000.0,,220219,,,A*78
$GPGGA,110012.00,4155.821280,N,01236.700589,E,1,08,2.4,70.6,M,45.0,M,,*50
$GPGSV,3,1,11,13,74,331,19,28,61,076,23,15,39,307,19,30,36,063,36*7A
$GPGSV,3,2,11,24,13,264,19,17,13,130,37,07,06,072,40,05,38,207,*7D
$GPGSV,3,3,11,20,00,330,,19,00,153,,08,01,025,*4A
$GLGSV,3,1,09,73,49,032,34,75,19,238,25,72,70,304,,74,69,277,*6E
$GLGSV,3,2,09,71,51,165,,65,24,326,,82,07,031,,83,03,076,*69
$GLGSV,3,3,09,70,02,155,*58
$GPGSA,A,3,07,13,15,17,24,28,30,,,,,,2.3,1.5,1.8*36
$GNGSA,A,3,07,13,15,17,24,28,30,,,,,,2.3,1.5,1.8*28
$GNGSA,A,3,73,,,,,,,,,,,,2.3,1.5,1.8*24
$QZGSA,A,3,,,,,,,,,,,,,2.3,1.5,1.8*22
$IMGSA,A,3,,,,,,,,,,,,,2.3,1.5,1.8*2D
$GPRMC,110012.00,A,4155.821280,N,01236.700589,E,000.0,,220219,,,A*78
$GPGGA,110013.00,4155.820820,N,01236.700930,E,1,08,1.6,70.1,M,45.0,M,,*58
$GPGSV,3,1,11,13,74,331,19,28,61,076,23,15,39,307,19,30,36,063,36*7A
$GPGSV,3,2,11,24,13,264,19,17,13,130,37,07,06,072,40,05,38,207,*7D
$GPGSV,3,3,11,20,00,330,,19,00,153,,08,01,025,*4A
$GLGSV,3,1,09,73,49,032,34,75,19,238,26,72,70,304,,74,69,277,*6D
$GLGSV,3,2,09,71,51,165,,65,24,326,,82,07,031,,83,03,076,*69
$GLGSV,3,3,09,70,02,155,*58
$GPGSA,A,3,07,13,15,17,24,28,30,,,,,,2.2,1.5,1.6*39
$GNGSA,A,3,07,13,15,17,24,28,30,,,,,,2.2,1.5,1.6*27
$GNGSA,A,3,73,,,,,,,,,,,,2.2,1.5,1.6*2B
$QZGSA,A,3,,,,,,,,,,,,,2.2,1.5,1.6*2D
$IMGSA,A,3,,,,,,,,,,,,,2.2,1.5,1.6*22
$GPRMC,110013.00,A,4155.820820,N,01236.700930,E,000.0,,220219,,,A*76
$GPGGA,110014.00,4155.820202,N,01236.701166,E,1,08,1.6,69.6,M,45.0,M,,*50
$GPGSV,3,1,11,13,74,331,19,28,61,076,23,15,39,307,18,30,36,063,36*7B
$GPGSV,3,2,11,24,13,264,19,17,13,130,37,07,06,072,40,05,38,207,*7D
$GPGSV,3,3,11,20,00,330,,19,00,153,,08,01,025,*4A
$GLGSV,3,1,09,73,49,032,33,75,19,238,26,72,70,304,,74,69,277,*6A
$GLGSV,3,2,09,71,51,165,,65,24,326,,82,07,031,,83,03,076,*69
$GLGSV,3,3,09,70,02,155,*58
$GPGSA,A,3,07,13,15,17,24,28,30,,,,,,2.2,1.5,1.6*39
$GNGSA,A,3,07,13,15,17,24,28,30,,,,,,2.2,1.5,1.6*27
$GNGSA,A,3,73,,,,,,,,,,,,2.2,1.5,1.6*2B
$QZGSA,A,3,,,,,,,,,,,,,2.2,1.5,1.6*2D
$IMGSA,A,3,,,,,,,,,,,,,2.2,1.5,1.6*22
$GPRMC,110014.00,A,4155.820202,N,01236.701166,E,000.0,,220219,,,A*71
$GPGGA,110015.00,4155.819840,N,01236.701161,E,1,09,1.6,69.2,M,45.0,M,,*55
$GPGSV,3,1,11,13,74,331,19,28,61,076,23,15,39,307,18,05,38,207,14*73
$GPGSV,3,2,11,30,36,063,36,17,13,130,37,24,13,264,19,07,06,072,40*70
$GPGSV,3,3,11,19,00,153,,20,00,330,,08,01,025,*4A
$GLGSV,3,1,09,73,49,032,33,75,19,238,26,72,70,304,,74,69,278,*65
$GLGSV,3,2,09,71,51,165,,65,24,326,,82,07,031,,83,03,076,*69
$GLGSV,3,3,09,70,02,155,*58
$GPGSA,A,3,05,07,13,15,17,24,28,30,,,,,2.2,1.5,1.6*3C
$GNGSA,A,3,05,07,13,15,17,24,28,30,,,,,2.2,1.5,1.6*22
$GNGSA,A,3,73,,,,,,,,,,,,2.2,1.5,1.6*2B
$QZGSA,A,3,,,,,,,,,,,,,2.2,1.5,1.6*2D
$IMGSA,A,3,,,,,,,,,,,,,2.2,1.5,1.6*22
$GPRMC,110015.00,A,4155.819840,N,01236.701161,E,000.0,,220219,,,A*71
$GPGGA,110016.00,4155.819489,N,01236.701251,E,1,09,1.6,68.9,M,45.0,M,,*55
$GPGSV,3,1,11,13,74,331,20,28,61,076,23,15,39,307,19,05,38,207,14*78
$GPGSV,3,2,11,30,36,063,37,17,13,130,37,24,13,265,20,07,06,072,40*7A
$GPGSV,3,3,11,19,00,153,,20,00,330,,08,01,025,*4A
$GLGSV,3,1,09,73,49,032,33,75,19,238,26,72,70,304,,74,69,278,*65
$GLGSV,3,2,09,71,51,165,,65,24,326,,82,07,030,,83,03,076,*68
$GLGSV,3,3,09,70,02,155,*58
$GPGSA,A,3,05,07,13,15,17,24,28,30,,,,,2.2,1.5,1.6*3C
$GNGSA,A,3,05,07,13,15,17,24,28,30,,,,,2.2,1.5,1.6*22
$GNGSA,A,3,73,,,,,,,,,,,,2.2,1.5,1.6*2B
$QZGSA,A,3,,,,,,,,,,,,,2.2,1.5,1.6*2D
$IMGSA,A,3,,,,,,,,,,,,,2.2,1.5,1.6*22
$GPRMC,110016.00,A,4155.819489,N,01236.701251,E,000.0,,220219,,,A*7B
$GPGGA,110017.00,4155.819312,N,01236.701172,E,1,08,1.6,67.4,M,45.0,M,,*50
$GPGSV,3,1,11,13,74,331,20,28,61,076,23,15,39,307,19,05,38,207,14*78
$GPGSV,3,2,11,30,36,063,37,17,13,130,37,24,13,265,20,07,06,072,40*7A
$GPGSV,3,3,11,19,00,153,,20,00,330,,08,01,025,*4A
$GLGSV,3,1,09,73,49,032,33,75,19,238,26,72,70,304,,74,69,278,*65
$GLGSV,3,2,09,71,51,165,,65,24,326,,82,07,030,,83,03,076,*68
$GLGSV,3,3,09,70,02,155,*58
$GPGSA,A,3,07,13,15,17,24,28,30,,,,,,2.2,1.5,1.6*39
$GNGSA,A,3,07,13,15,17,24,28,30,,,,,,2.2,1.5,1.6*27
$GNGSA,A,3,73,,,,,,,,,,,,2.2,1.5,1.6*2B
$QZGSA,A,3,,,,,,,,,,,,,2.2,1.5,1.6*2D
$IMGSA,A,3,,,,,,,,,,,,,2.2,1.5,1.6*22
$GPRMC,110017.00,A,4155.819312,N,01236.701172,E,000.0,,220219,,,A*7D
$GPGGA,110018.00,4155.818926,N,01236.701265,E,1,08,1.6,67.3,M,45.0,M,,*51
$GPGSV,3,1,11,13,74,331,20,28,61,076,23,15,39,307,19,05,38,207,14*78
$GPGSV,3,2,11,30,36,063,37,17,13,130,37,24,13,265,20,07,06,072,40*7A
$GPGSV,3,3,11,19,00,153,,20,00,330,,08,01,025,*4A
$GLGSV,3,1,09,73,49,032,33,75,19,238,26,72,70,304,,74,69,278,*65
$GLGSV,3,2,09,71,51,165,,65,24,326,,82,07,030,,83,03,076,*68
$GLGSV,3,3,09,70,02,155,*58
$GPGSA,A,3,07,13,15,17,24,28,30,,,,,,2.2,1.5,1.6*39
$GNGSA,A,3,07,13,15,17,24,28,30,,,,,,2.2,1.5,1.6*27
$GNGSA,A,3,73,,,,,,,,,,,,2.2,1.5,1.6*2B
$QZGSA,A,3,,,,,,,,,,,,,2.2,1.5,1.6*2D
$IMGSA,A,3,,,,,,,,,,,,,2.2,1.5,1.6*22
$GPRMC,110018.00,A,4155.818926,N,01236.701265,E,000.0,,220219,,,A*7B
$GPGGA,110019.00,4155.818467,N,01236.701668,E,1,08,1.6,67.5,M,45.0,M,,*57
$GPGSV,3,1,11,13,74,331,20,28,61,076,23,15,39,307,20,05,38,207,13*75
$GPGSV,3,2,11,30,36,063,37,17,13,130,37,24,13,265,20,07,06,072,40*7A
$GPGSV,3,3,11,19,00,153,,20,00,330,,08,01,025,*4A
$GLGSV,3,1,09,73,49,032,33,75,19,238,26,72,70,304,,74,69,278,*65
$GLGSV,3,2,09,71,51,165,,65,24,326,,82,07,030,,83,03,076,*68
$GLGSV,3,3,09,70,02,155,*58
$GPGSA,A,3,07,13,15,17,24,28,30,,,,,,2.2,1.5,1.6*39
$GNGSA,A,3,07,13,15,17,24,28,30,,,,,,2.2,1.5,1.6*27
$GNGSA,A,3,73,,,,,,,,,,,,2.2,1.5,1.6*2B
$QZGSA,A,3,,,,,,,,,,,,,2.2,1.5,1.6*2D
$IMGSA,A,3,,,,,,,,,,,,,2.2,1.5,1.6*22
$GPRMC,110019.00,A,4155.818467,N,01236.701668,E,000.0,,220219,,,A*7B
$GPGGA,110020.00,4155.818140,N,01236.701978,E,1,08,1.6,67.6,M,45.0,M,,*50
$GPGSV,3,1,11,13,74,331,21,28,61,076,23,15,39,307,20,05,38,207,13*74
$GPGSV,3,2,11,30,36,063,37,17,13,130,37,24,13,265,20,07,06,072,40*7A
$GPGSV,3,3,11,19,00,153,,20,00,330,,08,01,025,*4A
$GLGSV,3,1,09,73,49,032,33,74,69,278,21,75,19,238,26,72,70,304,*66
$GLGSV,3,2,09,71,51,165,,65,24,326,,82,07,030,,83,03,076,*68
$GLGSV,3,3,09,70,02,155,*58
$GPGSA,A,3,07,13,15,17,24,28,30,,,,,,2.2,1.5,1.6*39
$GNGSA,A,3,07,13,15,17,24,28,30,,,,,,2.2,1.5,1.6*27
$GNGSA,A,3,73,,,,,,,,,,,,2.2,1.5,1.6*2B
$QZGSA,A,3,,,,,,,,,,,,,2.2,1.5,1.6*2D
$IMGSA,A,3,,,,,,,,,,,,,2.2,1.5,1.6*22
$GPRMC,110020.00,A,4155.818140,N,01236.701978,E,000.0,,220219,,,A*7F
$GPGGA,110021.00,4155.817390,N,01236.702366,E,1,09,1.6,68.4,M,45.0,M,,*5B
$GPGSV,3,1,11,13,74,331,21,28,61,076,23,15,39,307,20,05,38,207,13*74
$GPGSV,3,2,11,30,36,063,37,17,13,130,37,24,13,265,20,07,06,072,40*7A
$GPGSV,3,3,11,19,00,153,,20,00,330,,08,01,025,*4A
$GLGSV,3,1,09,73,49,032,33,74,69,278,24,75,19,238,25,72,70,304,*60
$GLGSV,3,2,09,71,51,165,,65,24,326,,82,07,030,,83,03,076,*68
$GLGSV,3,3,09,70,02,155,*58
$GPGSA,A,3,05,07,13,15,17,24,28,30,,,,,2.2,1.5,1.6*3C
$GNGSA,A,3,05,07,13,15,17,24,28,30,,,,,2.2,1.5,1.6*22
$GNGSA,A,3,73,,,,,,,,,,,,2.2,1.5,1.6*2B
$QZGSA,A,3,,,,,,,,,,,,,2.2,1.5,1.6*2D
$IMGSA,A,3,,,,,,,,,,,,,2.2,1.5,1.6*22
$GPRMC,110021.00,A,4155.817390,N,01236.702366,E,000.0,,220219,,,A*78
$GPGGA,110022.00,4155.817315,N,01236.702171,E,1,08,1.6,68.3,M,45.0,M,,*57
$GPGSV,3,1,11,13,74,331,20,28,61,076,23,15,39,307,20,05,38,207,13*75
$GPGSV,3,2,11,30,36,063,37,17,13,130,37,24,13,265,20,07,06,072,40*7A
$GPGSV,3,3,11,19,00,153,,20,00,330,,08,01,025,*4A
$GLGSV,3,1,09,73,49,032,33,74,69,278,24,75,19,238,25,72,70,304,*60
$GLGSV,3,2,09,71,51,165,,65,24,326,,82,07,030,,83,03,076,*68
$GLGSV,3,3,09,70,02,155,*58
$GPGSA,A,3,07,13,15,17,24,28,30,,,,,,2.2,1.5,1.6*39
$GNGSA,A,3,07,13,15,17,24,28,30,,,,,,2.2,1.5,1.6*27
$GNGSA,A,3,73,,,,,,,,,,,,2.2,1.5,1.6*2B
$QZGSA,A,3,,,,,,,,,,,,,2.2,1.5,1.6*2D
$IMGSA,A,3,,,,,,,,,,,,,2.2,1.5,1.6*22
$GPRMC,110022.00,A,4155.817315,N,01236.702171,E,000.0,,220219,,,A*72
$GPGGA,110023.00,4155.817274,N,01236.702228,E,1,09,1.6,68.3,M,45.0,M,,*5E
$GPGSV,3,1,11,13,74,331,20,28,61,076,23,15,39,307,20,05,38,207,13*75
$GPGSV,3,2,11,30,36,063,37,17,13,130,37,24,13,265,20,07,06,072,40*7A
$GPGSV,3,3,11,19,00,153,,20,00,330,,08,01,025,*4A
$GLGSV,3,1,09,73,49,032,33,74,69,278,23,75,19,238,25,72,70,304,*67
$GLGSV,3,2,09,71,51,165,,65,24,326,,82,07,030,,83,03,076,*68
$GLGSV,3,3,09,70,02,155,*58
$GPGSA,A,3,05,07,13,15,17,24,28,30,,,,,2.2,1.5,1.6*3C
$GNGSA,A,3,05,07,13,15,17,24,28,30,,,,,2.2,1.5,1.6*22
$GNGSA,A,3,73,,,,,,,,,,,,2.2,1.5,1.6*2B
$QZGSA,A,3,,,,,,,,,,,,,2.2,1.5,1.6*2D
$IMGSA,A,3,,,,,,,,,,,,,2.2,1.5,1.6*22
$GPRMC,110023.00,A,4155.817274,N,01236.702228,E,000.0,,220219,,,A*7A
$GPGGA,110024.00,4155.817364,N,01236.702127,E,1,09,1.6,68.1,M,45.0,M,,*57
$GPGSV,3,1,11,13,74,331,20,28,61,076,23,15,39,307,20,05,38,207,13*75
$GPGSV,3,2,11,30,36,063,37,17,13,130,37,24,13,265,20,07,06,072,40*7A
$GPGSV,3,3,11,19,00,153,,20,00,330,,08,01,025,*4A
$GLGSV,3,1,09,73,49,032,32,74,69,278,23,75,19,238,25,72,70,304,*66
$GLGSV,3,2,09,71,51,165,,65,24,326,,82,07,030,,83,03,076,*68
$GLGSV,3,3,09,70,02,155,*58
$GPGSA,A,3,05,07,13,15,17,24,28,30,,,,,2.2,1.5,1.6*3C
$GNGSA,A,3,05,07,13,15,17,24,28,30,,,,,2.2,1.5,1.6*22
$GNGSA,A,3,73,,,,,,,,,,,,2.2,1.5,1.6*2B
$QZGSA,A,3,,,,,,,,,,,,,2.2,1.5,1.6*2D
$IMGSA,A,3,,,,,,,,,,,,,2.2,1.5,1.6*22
$GPRMC,110024.00,A,4155.817364,N,01236.702127,E,000.0,,220219,,,A*71
$GPGGA,110025.00,4155.817675,N,01236.701852,E,1,09,1.6,67.6,M,45.0,M,,*53
$GPGSV,3,1,11,13,74,331,20,28,61,076,23,15,39,307,20,05,38,207,14*72
$GPGSV,3,2,11,30,36,063,37,17,13,130,37,24,13,265,19,07,06,072,40*70
$GPGSV,3,3,11,19,00,153,,20,00,330,,08,01,025,*4A
$GLGSV,3,1,09,73,49,032,32,74,69,278,23,75,19,238,25,72,70,304,*66
$GLGSV,3,2,09,71,51,165,,65,24,326,,82,07,030,,83,03,076,*68
$GLGSV,3,3,09,70,02,155,*58
$GPGSA,A,3,05,07,13,15,17,24,28,30,,,,,2.2,1.5,1.6*3C
$GNGSA,A,3,05,07,13,15,17,24,28,30,,,,,2.2,1.5,1.6*22
$GNGSA,A,3,73,,,,,,,,,,,,2.2,1.5,1.6*2B
$QZGSA,A,3,,,,,,,,,,,,,2.2,1.5,1.6*2D
$IMGSA,A,3,,,,,,,,,,,,,2.2,1.5,1.6*22
$GPRMC,110025.00,A,4155.817675,N,01236.701852,E,001.3,,220219,,,A*7F
$GPGGA,110026.00,4155.817848,N,01236.701207,E,1,09,1.6,67.3,M,45.0,M,,*5F
$GPGSV,3,1,11,13,74,331,20,28,61,076,23,15,39,307,20,05,38,207,15*73
$GPGSV,3,2,11,30,36,063,37,17,13,130,37,24,13,265,20,07,06,072,40*7A
$GPGSV,3,3,11,19,00,153,,20,00,330,,08,01,025,*4A
$GLGSV,3,1,09,73,49,032,32,74,69,278,23,75,19,238,25,72,70,304,*66
$GLGSV,3,2,09,71,51,165,,65,24,326,,82,07,030,,83,03,076,*68
$GLGSV,3,3,09,70,02,155,*58
$GPGSA,A,3,05,07,13,15,17,24,28,30,,,,,2.2,1.5,1.6*3C
$GNGSA,A,3,05,07,13,15,17,24,28,30,,,,,2.2,1.5,1.6*22
$GNGSA,A,3,73,,,,,,,,,,,,2.2,1.5,1.6*2B
$QZGSA,A,3,,,,,,,,,,,,,2.2,1.5,1.6*2D
$IMGSA,A,3,,,,,,,,,,,,,2.2,1.5,1.6*22
$GPRMC,110026.00,A,4155.817848,N,01236.701207,E,000.0,,220219,,,A*74
$GPGGA,110027.00,4155.817848,N,01236.701207,E,1,09,1.6,67.0,M,45.0,M,,*5D
$GPGSV,3,1,11,13,74,331,21,28,61,076,23,15,39,307,20,05,37,207,18*70
$GPGSV,3,2,11,30,36,063,38,17,13,130,37,24,13,265,20,07,06,072,40*75
$GPGSV,3,3,11,19,00,153,,20,00,330,,08,01,025,*4A
$GLGSV,3,1,09,73,49,032,31,74,69,278,22,75,19,238,25,82,07,030,22*6F
$GLGSV,3,2,09,72,70,304,,71,51,165,,65,24,326,,83,03,076,*63
$GLGSV,3,3,09,70,02,155,*58
$GPGSA,A,3,05,07,13,15,17,24,28,30,,,,,2.2,1.5,1.6*3C
$GNGSA,A,3,05,07,13,15,17,24,28,30,,,,,2.2,1.5,1.6*22
$GNGSA,A,3,73,,,,,,,,,,,,2.2,1.5,1.6*2B
$QZGSA,A,3,,,,,,,,,,,,,2.2,1.5,1.6*2D
$IMGSA,A,3,,,,,,,,,,,,,2.2,1.5,1.6*22
$GPRMC,110027.00,A,4155.817848,N,01236.701207,E,000.0,,220219,,,A*75
$GPGGA,110028.00,4155.817848,N,01236.701207,E,1,09,1.6,66.9,M,45.0,M,,*5A
$GPGSV,3,1,11,13,74,331,21,28,61,076,23,15,39,307,20,05,37,207,19*71
$GPGSV,3,2,11,30,36,063,38,17,13,130,37,24,13,265,20,07,06,072,40*75
$GPGSV,3,3,11,19,00,153,,20,00,330,,08,01,025,*4A
$GLGSV,3,1,09,73,49,032,31,74,69,278,22,75,19,238,25,82,07,030,24*69
$GLGSV,3,2,09,72,70,304,,71,51,165,,65,24,326,,83,03,076,*63
$GLGSV,3,3,09,70,02,155,*58
$GPGSA,A,3,05,07,13,15,17,24,28,30,,,,,2.2,1.5,1.6*3C
$GNGSA,A,3,05,07,13,15,17,24,28,30,,,,,2.2,1.5,1.6*22
$GNGSA,A,3,73,,,,,,,,,,,,2.2,1.5,1.6*2B
$QZGSA,A,3,,,,,,,,,,,,,2.2,1.5,1.6*2D
$IMGSA,A,3,,,,,,,,,,,,,2.2,1.5,1.6*22
$GPRMC,110028.00,A,4155.817848,N,01236.701207,E,000.0,,220219,,,A*7A
$GPGGA,110029.00,4155.817848,N,01236.701207,E,1,09,1.6,67.3,M,45.0,M,,*50
$GPGSV,3,1,11,13,74,331,21,28,61,076,23,15,39,307,20,05,37,207,20*7B
$GPGSV,3,2,11,30,36,063,38,17,13,130,37,24,13,265,21,07,06,072,40*74
$GPGSV,3,3,11,19,00,153,,20,00,330,,08,01,025,*4A
$GLGSV,3,1,09,73,49,032,31,74,70,278,21,75,19,238,24,82,07,030,25*62
$GLGSV,3,2,09,72,70,304,,71,51,165,,65,24,326,,83,03,076,*63
$GLGSV,3,3,09,70,02,155,*58
$GPGSA,A,3,05,07,13,15,17,24,28,30,,,,,2.2,1.5,1.6*3C
$GNGSA,A,3,05,07,13,15,17,24,28,30,,,,,2.2,1.5,1.6*22
$GNGSA,A,3,73,,,,,,,,,,,,2.2,1.5,1.6*2B
$QZGSA,A,3,,,,,,,,,,,,,2.2,1.5,1.6*2D
$IMGSA,A,3,,,,,,,,,,,,,2.2,1.5,1.6*22
$GPRMC,110029.00,A,4155.817848,N,01236.701207,E,000.0,,220219,,,A*7B
$GPGGA,110030.00,4155.817848,N,01236.701207,E,1,09,1.6,68.1,M,45.0,M,,*55
$GPGSV,3,1,11,13,74,331,21,28,61,076,23,15,39,307,20,05,37,207,22*79
$GPGSV,3,2,11,30,36,063,38,17,13,130,37,24,13,265,21,07,06,072,40*74
$GPGSV,3,3,11,19,00,153,,20,00,330,,08,01,025,*4A
$GLGSV,3,1,09,73,49,032,31,74,70,278,21,75,19,238,24,82,07,030,25*62
$GLGSV,3,2,09,72,70,304,,71,51,165,,65,24,326,,83,03,076,*63
$GLGSV,3,3,09,70,02,155,*58
$GPGSA,A,3,05,07,13,15,17,24,28,30,,,,,2.2,1.5,1.6*3C
$GNGSA,A,3,05,07,13,15,17,24,28,30,,,,,2.2,1.5,1.6*22
$GNGSA,A,3,73,,,,,,,,,,,,2.2,1.5,1.6*2B
$QZGSA,A,3,,,,,,,,,,,,,2.2,1.5,1.6*2D
$IMGSA,A,3,,,,,,,,,,,,,2.2,1.5,1.6*22
$GPRMC,110030.00,A,4155.817848,N,01236.701207,E,000.0,,220219,,,A*73
$GPGGA,110031.00,4155.817848,N,01236.701207,E,1,09,1.6,68.1,M,45.0,M,,*54
$GPGSV,3,1,11,13,74,331,21,28,61,076,23,15,39,307,20,05,37,207,23*78
$GPGSV,3,2,11,30,36,063,39,17,13,130,37,24,13,265,21,07,06,072,40*75
$GPGSV,3,3,11,19,00,153,,20,00,330,,08,01,025,*4A
$GLGSV,3,1,09,73,49,032,30,74,70,278,20,75,19,238,24,82,07,030,24*63
$GLGSV,3,2,09,72,70,304,,71,51,165,,65,24,326,,83,03,076,*63
$GLGSV,3,3,09,70,02,155,*58
$GPGSA,A,3,05,07,13,15,17,24,28,30,,,,,2.2,1.5,1.6*3C
$GNGSA,A,3,05,07,13,15,17,24,28,30,,,,,2.2,1.5,1.6*22
$GNGSA,A,3,73,,,,,,,,,,,,2.2,1.5,1.6*2B
$QZGSA,A,3,,,,,,,,,,,,,2.2,1.5,1.6*2D
$IMGSA,A,3,,,,,,,,,,,,,2.2,1.5,1.6*22
$GPRMC,110031.00,A,4155.817848,N,01236.701207,E,000.0,,220219,,,A*72
$GPGGA,110032.00,4155.817848,N,01236.701207,E,1,09,1.6,68.2,M,45.0,M,,*54
$GPGSV,3,1,11,13,74,331,21,28,61,076,23,15,39,307,19,05,37,207,23*72
$GPGSV,3,2,11,30,36,064,39,17,13,130,37,24,13,265,20,07,06,072,40*73
$GPGSV,3,3,11,19,00,153,,20,00,330,,08,01,025,*4A
$GLGSV,3,1,09,73,49,032,30,74,70,278,20,75,19,238,24,82,07,030,24*63
$GLGSV,3,2,09,72,70,304,,71,51,165,,65,24,326,,83,03,076,*63
$GLGSV,3,3,09,70,02,155,*58
$GPGSA,A,3,05,07,13,15,17,24,28,30,,,,,2.2,1.5,1.6*3C
$GNGSA,A,3,05,07,13,15,17,24,28,30,,,,,2.2,1.5,1.6*22
$GNGSA,A,3,73,,,,,,,,,,,,2.2,1.5,1.6*2B
$QZGSA,A,3,,,,,,,,,,,,,2.2,1.5,1.6*2D
$IMGSA,A,3,,,,,,,,,,,,,2.2,1.5,1.6*22
$GPRMC,110032.00,A,4155.817848,N,01236.701207,E,000.0,,220219,,,A*71
$GPGGA,110033.00,4155.820368,N,01236.697411,E,1,09,1.2,68.2,M,45.0,M,,*53
$GPGSV,3,1,11,13,74,331,20,28,61,076,24,15,39,307,19,05,37,207,23*74
$GPGSV,3,2,11,30,36,064,39,17,13,130,37,24,13,265,20,07,06,072,40*73
$GPGSV,3,3,11,19,00,153,,20,00,330,,08,01,025,*4A
$GLGSV,3,1,09,73,49,032,30,74,70,278,19,75,19,238,24,82,07,030,24*69
$GLGSV,3,2,09,72,70,304,,71,51,165,,65,24,326,,83,03,076,*63
$GLGSV,3,3,09,70,02,155,*58
$GPGSA,A,3,05,07,13,15,17,24,28,30,,,,,2.2,1.5,1.6*3C
$GNGSA,A,3,05,07,13,15,17,24,28,30,,,,,2.2,1.5,1.6*22
$GNGSA,A,3,73,,,,,,,,,,,,2.2,1.5,1.6*2B
$QZGSA,A,3,,,,,,,,,,,,,2.2,1.5,1.6*2D
$IMGSA,A,3,,,,,,,,,,,,,2.2,1.5,1.6*22
$GPRMC,110033.00,A,4155.820368,N,01236.697411,E,000.1,,220219,,,A*73
$GPGGA,110034.00,4155.820292,N,01236.697186,E,1,09,1.2,68.2,M,45.0,M,,*5B
$GPGSV,3,1,11,13,74,331,20,28,61,076,24,15,39,307,19,05,37,207,23*74
$GPGSV,3,2,11,30,36,064,39,17,13,130,37,24,13,265,20,07,06,072,40*73
$GPGSV,3,3,11,19,00,153,,20,00,330,,08,01,025,*4A
$GLGSV,3,1,09,73,49,032,30,74,70,278,19,75,19,238,24,82,07,030,24*69
$GLGSV,3,2,09,72,70,304,,71,51,165,,65,24,326,,83,03,076,*63
$GLGSV,3,3,09,70,02,155,*58
$GPGSA,A,3,05,07,13,15,17,24,28,30,,,,,2.3,1.5,1.8*33
$GNGSA,A,3,05,07,13,15,17,24,28,30,,,,,2.3,1.5,1.8*2D
$GNGSA,A,3,73,,,,,,,,,,,,2.3,1.5,1.8*24
$QZGSA,A,3,,,,,,,,,,,,,2.3,1.5,1.8*22
$IMGSA,A,3,,,,,,,,,,,,,2.3,1.5,1.8*2D
$GPRMC,110034.00,A,4155.820292,N,01236.697186,E,000.3,,220219,,,A*79
$GPGGA,110035.00,4155.820535,N,01236.696811,E,1,09,1.2,68.2,M,45.0,M,,*56
$GPGSV,3,1,11,13,74,331,20,28,61,076,24,15,39,307,19,05,37,207,23*74
$GPGSV,3,2,11,30,36,064,39,17,13,130,37,24,13,265,20,07,06,072,39*7D
$GPGSV,3,3,11,19,00,153,,20,00,330,,08,01,025,*4A
$GLGSV,3,1,09,73,49,032,30,74,70,278,19,75,19,238,24,82,07,030,24*69
$GLGSV,3,2,09,72,70,304,,71,51,165,,65,24,326,,83,03,076,*63
$GLGSV,3,3,09,70,02,155,*58
$GPGSA,A,3,05,07,13,15,17,24,28,30,,,,,3.7,2.6,2.7*3A
$GNGSA,A,3,05,07,13,15,17,24,28,30,,,,,3.7,2.6,2.7*24
$GNGSA,A,3,73,,,,,,,,,,,,3.7,2.6,2.7*2D
$QZGSA,A,3,,,,,,,,,,,,,3.7,2.6,2.7*2B
$IMGSA,A,3,,,,,,,,,,,,,3.7,2.6,2.7*24
$GPRMC,110035.00,A,4155.820535,N,01236.696811,E,000.1,,220219,,,A*76
$GPGGA,110036.00,4155.820787,N,01236.696400,E,1,09,1.2,68.2,M,45.0,M,,*52
$GPGSV,3,1,11,13,74,331,20,28,61,076,24,15,39,307,19,05,37,207,23*74
$GPGSV,3,2,11,30,36,064,39,17,13,130,37,24,13,265,20,07,06,072,39*7D
$GPGSV,3,3,11,19,00,153,,20,00,330,,08,01,025,*4A
$GLGSV,3,1,09,73,49,032,29,74,70,278,18,75,19,238,24,82,07,030,25*61
$GLGSV,3,2,09,72,70,304,,71,50,165,,65,24,326,,83,03,076,*62
$GLGSV,3,3,09,70,02,155,*58
$GPGSA,A,3,05,07,13,15,17,24,28,30,,,,,6.0,4.9,3.5*32
$GNGSA,A,3,05,07,13,15,17,24,28,30,,,,,6.0,4.9,3.5*2C
$GNGSA,A,3,73,,,,,,,,,,,,6.0,4.9,3.5*25
$QZGSA,A,3,,,,,,,,,,,,,6.0,4.9,3.5*23
$IMGSA,A,3,,,,,,,,,,,,,6.0,4.9,3.5*2C
$GPRMC,110036.00,A,4155.820787,N,01236.696400,E,000.0,,220219,,,A*73
$GPGGA,110037.00,4155.820909,N,01236.695950,E,1,09,1.2,68.2,M,45.0,M,,*50
$GPGSV,3,1,11,13,74,331,20,28,61,076,24,15,39,307,18,05,37,207,23*75
$GPGSV,3,2,11,30,36,064,39,17,13,130,37,24,13,265,19,07,06,072,39*77
$GPGSV,3,3,11,19,00,153,,20,00,330,,08,01,025,*4A
$GLGSV,3,1,09,73,49,032,29,74,70,278,18,75,19,238,24,82,07,030,25*61
$GLGSV,3,2,09,72,70,304,,71,50,165,,65,24,326,,83,03,076,*62
$GLGSV,3,3,09,70,02,155,*58
$GPGSA,A,3,05,07,13,15,17,24,28,30,,,,,3.7,2.6,2.7*3A
$GNGSA,A,3,05,07,13,15,17,24,28,30,,,,,3.7,2.6,2.7*24
$GNGSA,A,3,73,,,,,,,,,,,,3.7,2.6,2.7*2D
$QZGSA,A,3,,,,,,,,,,,,,3.7,2.6,2.7*2B
$IMGSA,A,3,,,,,,,,,,,,,3.7,2.6,2.7*24
$GPRMC,110037.00,A,4155.820909,N,01236.695950,E,000.1,,220219,,,A*70
$GPGGA,110038.00,4155.820974,N,01236.695420,E,1,09,1.2,68.2,M,45.0,M,,*5F
$GPGSV,3,1,11,13,74,331,19,28,61,076,25,15,39,307,18,05,37,207,23*7E
$GPGSV,3,2,11,30,36,064,39,17,13,130,37,24,13,265,19,07,05,072,39*74
$GPGSV,3,3,11,19,00,153,,20,00,330,,08,01,025,*4A
$GLGSV,3,1,09,73,49,032,29,74,70,278,19,75,19,238,24,82,07,030,26*63
$GLGSV,3,2,09,72,70,304,,71,50,165,,65,24,326,,83,03,076,*62
$GLGSV,3,3,09,70,02,155,*58
$GPGSA,A,3,05,07,13,15,17,24,28,30,,,,,3.7,2.6,2.7*3A
$GNGSA,A,3,05,07,13,15,17,24,28,30,,,,,3.7,2.6,2.7*24
$GNGSA,A,3,73,,,,,,,,,,,,3.7,2.6,2.7*2D
$QZGSA,A,3,,,,,,,,,,,,,3.7,2.6,2.7*2B
$IMGSA,A,3,,,,,,,,,,,,,3.7,2.6,2.7*24
$GPRMC,110038.00,A,4155.820974,N,01236.695420,E,000.0,,220219,,,A*7E
$GPGGA,110039.00,4155.820959,N,01236.694913,E,1,09,1.2,68.2,M,45.0,M,,*5D
$GPGSV,3,1,11,13,74,331,19,28,61,076,25,15,40,307,18,05,37,207,23*70
$GPGSV,3,2,11,30,36,064,40,17,13,130,37,24,13,265,18,07,05,072,40*75
$GPGSV,3,3,11,19,00,153,,20,00,330,,08,01,025,*4A
$GLGSV,3,1,09,73,49,032,29,74,70,278,20,75,19,238,24,82,07,030,25*6A
$GLGSV,3,2,09,72,70,304,,71,50,165,,65,24,326,,83,03,076,*62
$GLGSV,3,3,09,70,02,155,*58
$GPGSA,A,3,05,07,13,15,17,24,28,30,,,,,2.2,1.5,1.6*3C
$GNGSA,A,3,05,07,13,15,17,24,28,30,,,,,2.2,1.5,1.6*22
$GNGSA,A,3,73,,,,,,,,,,,,2.2,1.5,1.6*2B
$QZGSA,A,3,,,,,,,,,,,,,2.2,1.5,1.6*2D
$IMGSA,A,3,,,,,,,,,,,,,2.2,1.5,1.6*22
$GPRMC,110039.00,A,4155.820959,N,01236.694913,E,000.1,,220219,,,A*7D
$GPGGA,110040.00,4155.820873,N,01236.694679,E,1,09,1.2,68.2,M,45.0,M,,*59
$GPGSV,3,1,11,13,74,331,19,28,61,076,25,15,40,307,18,05,37,207,23*70
$GPGSV,3,2,11,30,36,064,40,17,13,130,37,24,13,265,18,07,05,072,40*75
$GPGSV,3,3,11,19,00,153,,20,00,330,,08,01,025,*4A
$GLGSV,3,1,09,73,49,032,29,74,70,278,20,75,19,238,24,82,07,030,25*6A
$GLGSV,3,2,09,72,70,304,,71,50,165,,65,24,326,,83,03,076,*62
$GLGSV,3,3,09,70,02,155,*58
$GPGSA,A,3,05,07,13,15,17,24,28,30,,,,,2.2,1.5,1.6*3C
$GNGSA,A,3,05,07,13,15,17,24,28,30,,,,,2.2,1.5,1.6*22
$GNGSA,A,3,73,,,,,,,,,,,,2.2,1.5,1.6*2B
$QZGSA,A,3,,,,,,,,,,,,,2.2,1.5,1.6*2D
$IMGSA,A,3,,,,,,,,,,,,,2.2,1.5,1.6*22
$GPRMC,110040.00,A,4155.820873,N,01236.694679,E,000.4,,220219,,,A*7C
$GPGGA,110041.00,4155.820578,N,01236.694667,E,1,09,0.8,68.3,M,45.0,M,,*5B
$GPGSV,3,1,11,13,74,331,19,28,61,076,26,15,40,307,18,05,37,207,23*73
$GPGSV,3,2,11,30,36,064,40,17,13,130,37,24,13,265,18,07,05,072,40*75
$GPGSV,3,3,11,19,00,153,,20,00,330,,08,01,025,*4A
$GLGSV,3,1,09,73,49,032,29,74,70,278,20,75,19,238,24,82,07,030,25*6A
$GLGSV,3,2,09,72,70,304,,71,50,165,,65,24,326,,83,03,076,*62
$GLGSV,3,3,09,70,02,155,*58
$GPGSA,A,3,05,07,13,15,17,24,28,30,,,,,2.2,1.5,1.6*3C
$GNGSA,A,3,05,07,13,15,17,24,28,30,,,,,2.2,1.5,1.6*22
$GNGSA,A,3,73,,,,,,,,,,,,2.2,1.5,1.6*2B
$QZGSA,A,3,,,,,,,,,,,,,2.2,1.5,1.6*2D
$IMGSA,A,3,,,,,,,,,,,,,2.2,1.5,1.6*22
$GPRMC,110041.00,A,4155.820578,N,01236.694667,E,000.3,,220219,,,A*73
$GPGGA,110042.00,4155.820492,N,01236.694656,E,1,09,0.8,68.3,M,45.0,M,,*5F
$GPGSV,3,1,11,13,74,331,19,28,61,076,26,15,40,307,18,05,37,207,23*73
$GPGSV,3,2,11,30,36,064,40,17,13,130,37,24,13,265,18,07,05,072,40*75
$GPGSV,3,3,11,19,00,153,,20,00,330,,08,01,025,*4A
$GLGSV,3,1,09,73,49,032,29,74,70,278,21,75,19,238,24,82,07,030,25*6B
$GLGSV,3,2,09,72,70,304,,71,50,165,,65,24,326,,83,03,076,*62
$GLGSV,3,3,09,70,02,155,*58
$GPGSA,A,3,05,07,13,15,17,24,28,30,,,,,2.3,1.5,1.8*33
$GNGSA,A,3,05,07,13,15,17,24,28,30,,,,,2.3,1.5,1.8*2D
$GNGSA,A,3,73,,,,,,,,,,,,2.3,1.5,1.8*24
$QZGSA,A,3,,,,,,,,,,,,,2.3,1.5,1.8*22
$IMGSA,A,3,,,,,,,,,,,,,2.3,1.5,1.8*2D
$GPRMC,110042.00,A,4155.820492,N,01236.694656,E,000.0,,220219,,,A*74
$GPGGA,110043.00,4155.820457,N,01236.694634,E,1,09,0.8,68.3,M,45.0,M,,*53
$GPGSV,3,1,11,13,74,331,19,28,61,076,26,15,40,307,18,05,37,207,23*73
$GPGSV,3,2,11,30,36,064,40,17,13,130,37,24,13,265,18,07,05,072,40*75
$GPGSV,3,3,11,19,00,153,,20,00,330,,08,01,025,*4A
$GLGSV,3,1,09,73,49,032,29,74,70,278,21,75,19,238,24,82,07,030,24*6A
$GLGSV,3,2,09,72,70,304,,71,50,165,,65,24,326,,83,03,076,*62
$GLGSV,3,3,09,70,02,155,*58
$GPGSA,A,3,05,07,13,15,17,24,28,30,,,,,2.3,1.5,1.8*33
$GNGSA,A,3,05,07,13,15,17,24,28,30,,,,,2.3,1.5,1.8*2D
$GNGSA,A,3,73,,,,,,,,,,,,2.3,1.5,1.8*24
$QZGSA,A,3,,,,,,,,,,,,,2.3,1.5,1.8*22
$IMGSA,A,3,,,,,,,,,,,,,2.3,1.5,1.8*2D
$GPRMC,110043.00,A,4155.820457,N,01236.694634,E,000.3,,220219,,,A*7B
$GPGGA,110044.00,4155.820000,N,01236.694843,E,1,09,0.8,68.4,M,45.0,M,,*5B
$GPGSV,3,1,11,13,74,331,19,28,61,076,26,15,40,307,17,05,37,207,23*7C
$GPGSV,3,2,11,30,36,064,40,17,13,130,37,24,13,265,17,07,05,072,40*7A
$GPGSV,3,3,11,19,00,153,,20,00,330,,08,01,025,*4A
$GLGSV,3,1,09,73,49,032,29,74,70,278,21,75,19,238,24,82,07,030,23*6D
$GLGSV,3,2,09,72,70,304,,71,50,165,,65,24,326,,83,03,076,*62
$GLGSV,3,3,09,70,02,155,*58
$GPGSA,A,3,05,07,13,15,17,24,28,30,,,,,2.2,1.5,1.6*3C
$GNGSA,A,3,05,07,13,15,17,24,28,30,,,,,2.2,1.5,1.6*22
$GNGSA,A,3,73,,,,,,,,,,,,2.2,1.5,1.6*2B
$QZGSA,A,3,,,,,,,,,,,,,2.2,1.5,1.6*2D
$IMGSA,A,3,,,,,,,,,,,,,2.2,1.5,1.6*22
$GPRMC,110044.00,A,4155.820000,N,01236.694843,E,000.4,,220219,,,A*73
$GPGGA,110045.00,4155.819678,N,01236.695076,E,1,09,0.8,68.4,M,45.0,M,,*56
$GPGSV,3,1,11,13,74,331,19,28,61,076,26,15,40,307,17,05,37,207,22*7D
$GPGSV,3,2,11,30,36,064,40,17,13,130,37,24,13,265,17,07,05,072,40*7A
$GPGSV,3,3,11,19,00,153,,20,00,330,,08,01,025,*4A
$GLGSV,3,1,09,73,49,032,29,74,70,278,21,75,19,238,24,82,07,030,23*6D
$GLGSV,3,2,09,72,70,304,,71,50,165,,65,24,326,,83,03,076,*62
$GLGSV,3,3,09,70,02,155,*58
$GPGSA,A,3,05,07,13,15,17,24,28,30,,,,,2.2,1.5,1.6*3C
$GNGSA,A,3,05,07,13,15,17,24,28,30,,,,,2.2,1.5,1.6*22
$GNGSA,A,3,73,,,,,,,,,,,,2.2,1.5,1.6*2B
$QZGSA,A,3,,,,,,,,,,,,,2.2,1.5,1.6*2D
$IMGSA,A,3,,,,,,,,,,,,,2.2,1.5,1.6*22
$GPRMC,110045.00,A,4155.819678,N,01236.695076,E,000.1,,220219,,,A*7B
$GPGGA,110046.00,4155.819391,N,01236.695146,E,1,09,0.8,68.5,M,45.0,M,,*54
$GPGSV,3,1,11,13,74,331,19,28,61,076,26,15,40,307,17,05,37,207,22*7D
$GPGSV,3,2,11,30,36,064,40,17,13,130,37,24,13,265,17,07,05,072,40*7A
$GPGSV,3,3,11,19,00,153,,20,00,330,,08,01,025,*4A
$GLGSV,3,1,09,73,49,032,29,74,70,278,21,75,19,238,24,82,07,030,21*6F
$GLGSV,3,2,09,72,70,304,,71,50,165,,65,24,326,,83,03,076,*62
$GLGSV,3,3,09,70,02,155,*58
$GPGSA,A,3,05,07,13,15,17,24,28,30,,,,,2.2,1.5,1.6*3C
$GNGSA,A,3,05,07,13,15,17,24,28,30,,,,,2.2,1.5,1.6*22
$GNGSA,A,3,73,,,,,,,,,,,,2.2,1.5,1.6*2B
$QZGSA,A,3,,,,,,,,,,,,,2.2,1.5,1.6*2D
$IMGSA,A,3,,,,,,,,,,,,,2.2,1.5,1.6*22
$GPRMC,110046.00,A,4155.819391,N,01236.695146,E,000.4,,220219,,,A*7D
$GPGGA,110047.00,4155.819341,N,01236.695322,E,1,09,0.8,68.5,M,45.0,M,,*58
$GPGSV,3,1,11,13,74,331,18,28,61,076,26,15,40,307,17,05,37,207,22*7C
$GPGSV,3,2,11,30,36,064,40,17,13,130,37,24,13,265,17,07,05,072,39*74
$GPGSV,3,3,11,19,00,153,,20,00,330,,08,01,025,*4A
$GLGSV,3,1,09,73,49,032,29,74,70,278,21,75,19,238,25,82,07,030,21*6E
$GLGSV,3,2,09,72,70,304,,71,50,165,,65,24,326,,83,03,076,*62
$GLGSV,3,3,09,70,02,155,*58
$GPGSA,A,3,05,07,13,15,17,24,28,30,,,,,2.2,1.5,1.6*3C
$GNGSA,A,3,05,07,13,15,17,24,28,30,,,,,2.2,1.5,1.6*22
$GNGSA,A,3,73,,,,,,,,,,,,2.2,1.5,1.6*2B
$QZGSA,A,3,,,,,,,,,,,,,2.2,1.5,1.6*2D
$IMGSA,A,3,,,,,,,,,,,,,2.2,1.5,1.6*22
$GPRMC,110047.00,A,4155.819341,N,01236.695322,E,000.0,,220219,,,A*75
$GPGGA,110048.00,4155.819334,N,01236.695311,E,1,09,0.8,68.5,M,45.0,M,,*55
$GPGSV,3,1,11,13,74,331,18,28,61,076,27,15,40,307,17,05,37,207,22*7D
$GPGSV,3,2,11,30,36,064,40,17,13,130,37,24,13,265,19,07,05,072,39*7A
$GPGSV,3,3,11,19,00,153,,20,00,330,,08,01,024,*4B
$GLGSV,3,1,09,73,49,032,30,74,70,278,21,71,50,165,23,75,19,238,25*6B
$GLGSV,3,2,09,82,07,030,20,72,70,304,,65,24,326,,83,03,076,*6F
$GLGSV,3,3,09,70,02,155,*58
$GPGSA,A,3,05,07,13,15,17,24,28,30,,,,,2.2,1.5,1.6*3C
$GNGSA,A,3,05,07,13,15,17,24,28,30,,,,,2.2,1.5,1.6*22
$GNGSA,A,3,73,,,,,,,,,,,,2.2,1.5,1.6*2B
$QZGSA,A,3,,,,,,,,,,,,,2.2,1.5,1.6*2D
$IMGSA,A,3,,,,,,,,,,,,,2.2,1.5,1.6*22
$GPRMC,110048.00,A,4155.819334,N,01236.695311,E,000.0,,220219,,,A*78
$GPGGA,110049.00,4155.819333,N,01236.695314,E,1,09,0.8,68.5,M,45.0,M,,*56
$GPGSV,3,1,11,13,74,331,18,28,61,076,28,15,40,307,17,05,37,207,22*72
$GPGSV,3,2,11,30,36,064,40,17,13,130,37,24,13,265,18,07,05,072,39*7B
$GPGSV,3,3,11,19,00,153,,20,00,330,,08,01,024,*4B
$GLGSV,3,1,09,73,49,032,30,74,70,278,21,71,50,165,26,75,19,238,25*6E
$GLGSV,3,2,09,82,07,030,20,72,70,304,,65,24,326,,83,03,076,*6F
$GLGSV,3,3,09,70,02,155,*58
$GPGSA,A,3,05,07,13,15,17,24,28,30,,,,,2.2,1.5,1.6*3C
$GNGSA,A,3,05,07,13,15,17,24,28,30,,,,,2.2,1.5,1.6*22
$GNGSA,A,3,73,,,,,,,,,,,,2.2,1.5,1.6*2B
$QZGSA,A,3,,,,,,,,,,,,,2.2,1.5,1.6*2D
$IMGSA,A,3,,,,,,,,,,,,,2.2,1.5,1.6*22
$GPRMC,110049.00,A,4155.819333,N,01236.695314,E,000.0,,220219,,,A*7B
$GPGGA,110050.00,4155.819327,N,01236.695298,E,1,09,0.8,68.5,M,45.0,M,,*5E
$GPGSV,3,1,11,13,74,331,18,28,61,076,28,15,40,307,17,05,37,207,21*71
$GPGSV,3,2,11,30,36,064,40,17,13,130,37,24,13,265,18,07,05,072,40*75
$GPGSV,3,3,11,19,00,153,,20,00,330,,08,01,024,*4B
$GLGSV,3,1,09,73,49,032,30,74,70,278,22,71,50,165,26,75,19,238,26*6E
$GLGSV,3,2,09,82,07,030,20,72,70,304,,65,24,326,,83,03,076,*6F
$GLGSV,3,3,09,70,02,155,*58
$GPGSA,A,3,05,07,13,15,17,24,28,30,,,,,3.7,2.6,2.7*3A
$GNGSA,A,3,05,07,13,15,17,24,28,30,,,,,3.7,2.6,2.7*24
$GNGSA,A,3,73,,,,,,,,,,,,3.7,2.6,2.7*2D
$QZGSA,A,3,,,,,,,,,,,,,3.7,2.6,2.7*2B
$IMGSA,A,3,,,,,,,,,,,,,3.7,2.6,2.7*24
$GPRMC,110050.00,A,4155.819327,N,01236.695298,E,000.0,,220219,,,A*73
$GPGGA,110051.00,4155.819304,N,01236.695029,E,1,09,0.8,68.5,M,45.0,M,,*56
$GPGSV,3,1,11,13,74,331,18,28,61,076,28,15,40,307,17,05,37,207,21*71
$GPGSV,3,2,11,30,36,064,40,17,13,130,37,24,13,265,19,07,05,072,40*74
$GPGSV,3,3,11,19,00,153,,20,00,330,,08,01,024,*4B
$GLGSV,3,1,09,73,49,032,31,74,70,278,22,71,50,165,26,75,19,238,27*6E
$GLGSV,3,2,09,82,07,030,19,72,70,304,,65,24,326,,83,03,076,*65
$GLGSV,3,3,09,70,02,155,*58
$GPGSA,A,3,05,07,13,15,17,24,28,30,,,,,3.7,2.6,2.7*3A
$GNGSA,A,3,05,07,13,15,17,24,28,30,,,,,3.7,2.6,2.7*24
$GNGSA,A,3,73,,,,,,,,,,,,3.7,2.6,2.7*2D
$QZGSA,A,3,,,,,,,,,,,,,3.7,2.6,2.7*2B
$IMGSA,A,3,,,,,,,,,,,,,3.7,2.6,2.7*24
$GPRMC,110051.00,A,4155.819304,N,01236.695029,E,000.8,,220219,,,A*73
$GPGGA,110052.00,4155.819503,N,01236.694677,E,1,09,3.2,68.5,M,45.0,M,,*51
$GPGSV,3,1,11,13,74,331,18,28,61,076,29,15,40,307,18,05,37,207,21*7F
$GPGSV,3,2,11,30,36,064,40,17,13,130,37,24,13,265,19,07,05,072,40*74
$GPGSV,3,3,11,19,00,153,,20,00,330,,08,01,024,*4B
$GLGSV,3,1,09,73,49,032,31,74,70,278,22,71,50,165,26,75,19,238,28*61
$GLGSV,3,2,09,82,07,030,19,72,70,304,,65,24,326,,83,03,076,*65
$GLGSV,3,3,09,70,02,155,*58
$GPGSA,A,3,05,07,13,15,17,24,28,30,,,,,2.2,1.5,1.6*3C
$GNGSA,A,3,05,07,13,15,17,24,28,30,,,,,2.2,1.5,1.6*22
$GNGSA,A,3,73,,,,,,,,,,,,2.2,1.5,1.6*2B
$QZGSA,A,3,,,,,,,,,,,,,2.2,1.5,1.6*2D
$IMGSA,A,3,,,,,,,,,,,,,2.2,1.5,1.6*22
$GPRMC,110052.00,A,4155.819503,N,01236.694677,E,000.1,,220219,,,A*74
$GPGGA,110053.00,4155.819498,N,01236.694653,E,1,09,3.2,68.5,M,45.0,M,,*55
$GPGSV,3,1,11,13,74,331,18,28,61,076,29,15,40,307,18,05,37,207,20*7E
$GPGSV,3,2,11,30,36,064,40,17,13,130,37,24,13,265,19,07,05,072,40*74
$GPGSV,3,3,11,19,00,153,,20,00,330,,08,01,024,*4B
$GLGSV,3,1,09,73,49,032,32,74,70,279,22,71,50,165,26,75,19,238,28*63
$GLGSV,3,2,09,82,07,030,19,72,70,304,,65,24,326,,83,03,076,*65
$GLGSV,3,3,09,70,02,155,*58
$GPGSA,A,3,05,07,13,15,17,24,28,30,,,,,2.2,1.5,1.6*3C
$GNGSA,A,3,05,07,13,15,17,24,28,30,,,,,2.2,1.5,1.6*22
$GNGSA,A,3,73,,,,,,,,,,,,2.2,1.5,1.6*2B
$QZGSA,A,3,,,,,,,,,,,,,2.2,1.5,1.6*2D
$IMGSA,A,3,,,,,,,,,,,,,2.2,1.5,1.6*22
$GPRMC,110053.00,A,4155.819498,N,01236.694653,E,000.0,,220219,,,A*71
$GPGGA,110054.00,4155.819493,N,01236.694653,E,1,09,3.2,68.5,M,45.0,M,,*59
$GPGSV,3,1,11,13,74,331,18,28,61,076,29,15,40,307,18,05,37,207,20*7E
$GPGSV,3,2,11,30,36,064,40,17,13,130,36,24,13,265,19,07,05,072,40*75
$GPGSV,3,3,11,19,00,153,,20,00,330,,08,01,024,*4B
$GLGSV,3,1,09,73,49,032,32,74,70,279,23,71,50,165,26,75,19,238,28*62
$GLGSV,3,2,09,82,07,030,19,72,70,304,,65,24,326,,83,03,076,*65
$GLGSV,3,3,09,70,02,155,*58
$GPGSA,A,3,05,07,13,15,17,24,28,30,,,,,2.2,1.5,1.6*3C
$GNGSA,A,3,05,07,13,15,17,24,28,30,,,,,2.2,1.5,1.6*22
$GNGSA,A,3,73,,,,,,,,,,,,2.2,1.5,1.6*2B
$QZGSA,A,3,,,,,,,,,,,,,2.2,1.5,1.6*2D
$IMGSA,A,3,,,,,,,,,,,,,2.2,1.5,1.6*22
$GPRMC,110054.00,A,4155.819493,N,01236.694653,E,000.0,,220219,,,A*7D
$GPGGA,110055.00,4155.819489,N,01236.694648,E,1,09,3.2,68.5,M,45.0,M,,*59
$GPGSV,3,1,11,13,74,331,18,28,61,076,29,15,40,307,18,05,37,207,19*74
$GPGSV,3,2,11,30,36,064,40,17,13,130,36,24,13,265,19,07,05,072,40*75
$GPGSV,3,3,11,19,00,153,,20,00,330,,08,01,024,*4B
$GLGSV,3,1,09,73,49,032,32,74,70,279,24,71,50,165,26,75,19,238,28*65
$GLGSV,3,2,09,82,07,030,18,72,70,304,,65,24,326,,83,03,076,*64
$GLGSV,3,3,09,70,02,155,*58
$GPGSA,A,3,05,07,13,15,17,24,28,30,,,,,2.2,1.5,1.6*3C
$GNGSA,A,3,05,07,13,15,17,24,28,30,,,,,2.2,1.5,1.6*22
$GNGSA,A,3,73,,,,,,,,,,,,2.2,1.5,1.6*2B
$QZGSA,A,3,,,,,,,,,,,,,2.2,1.5,1.6*2D
$IMGSA,A,3,,,,,,,,,,,,,2.2,1.5,1.6*22
$GPRMC,110055.00,A,4155.819489,N,01236.694648,E,000.0,,220219,,,A*7D
$GPGGA,110056.00,4155.819486,N,01236.694649,E,1,09,3.2,68.5,M,45.0,M,,*54
$GPGSV,3,1,11,13,74,331,18,28,61,076,29,15,40,307,19,05,37,207,19*75
$GPGSV,3,2,11,30,36,064,40,17,13,130,36,24,13,265,19,07,05,072,40*75
$GPGSV,3,3,11,19,00,153,,20,00,330,,08,01,024,*4B
$GLGSV,3,1,09,73,49,032,33,74,70,279,24,71,50,165,25,75,19,238,28*67
$GLGSV,3,2,09,82,07,030,18,72,70,304,,65,24,326,,83,03,076,*64
$GLGSV,3,3,09,70,02,155,*58
$GPGSA,A,3,05,07,13,15,17,24,28,30,,,,,2.2,1.5,1.6*3C
$GNGSA,A,3,05,07,13,15,17,24,28,30,,,,,2.2,1.5,1.6*22
$GNGSA,A,3,73,,,,,,,,,,,,2.2,1.5,1.6*2B
$QZGSA,A,3,,,,,,,,,,,,,2.2,1.5,1.6*2D
$IMGSA,A,3,,,,,,,,,,,,,2.2,1.5,1.6*22
$GPRMC,110056.00,A,4155.819486,N,01236.694649,E,000.0,,220219,,,A*70
$GPGGA,110057.00,4155.819482,N,01236.694648,E,1,09,3.2,68.5,M,45.0,M,,*50
$GPGSV,3,1,11,13,74,331,18,28,61,076,29,15,40,307,19,05,37,207,19*75
$GPGSV,3,2,11,30,36,064,40,17,13,130,36,24,13,265,18,07,05,072,40*74
$GPGSV,3,3,11,19,00,153,,20,00,330,,08,01,024,*4B
$GLGSV,3,1,09,73,49,032,33,74,70,279,25,71,50,165,25,75,19,238,28*66
$GLGSV,3,2,09,82,07,030,18,72,70,304,,65,24,326,,83,03,076,*64
$GLGSV,3,3,09,70,02,155,*58
$GPGSA,A,3,05,07,13,15,17,24,28,30,,,,,2.2,1.5,1.6*3C
$GNGSA,A,3,05,07,13,15,17,24,28,30,,,,,2.2,1.5,1.6*22
$GNGSA,A,3,73,,,,,,,,,,,,2.2,1.5,1.6*2B
$QZGSA,A,3,,,,,,,,,,,,,2.2,1.5,1.6*2D
$IMGSA,A,3,,,,,,,,,,,,,2.2,1.5,1.6*22
$GPRMC,110057.00,A,4155.819482,N,01236.694648,E,000.0,,220219,,,A*74
$GPGGA,110058.00,4155.819479,N,01236.694648,E,1,09,3.2,68.5,M,45.0,M,,*5B
$GPGSV,3,1,11,13,74,331,18,28,61,076,29,15,40,307,19,05,37,207,19*75
$GPGSV,3,2,11,30,36,064,40,17,13,130,36,24,13,265,18,07,05,072,40*74
$GPGSV,3,3,11,19,00,153,,20,00,330,,08,01,024,*4B
$GLGSV,3,1,09,73,49,032,33,74,70,279,25,71,50,165,25,75,19,238,28*66
$GLGSV,3,2,09,82,07,030,18,72,70,304,,65,24,326,,83,03,076,*64
$GLGSV,3,3,09,70,02,155,*58
$GPGSA,A,3,05,07,13,15,17,24,28,30,,,,,2.2,1.5,1.6*3C
$GNGSA,A,3,05,07,13,15,17,24,28,30,,,,,2.2,1.5,1.6*22
$GNGSA,A,3,73,,,,,,,,,,,,2.2,1.5,1.6*2B
$QZGSA,A,3,,,,,,,,,,,,,2.2,1.5,1.6*2D
$IMGSA,A,3,,,,,,,,,,,,,2.2,1.5,1.6*22
$GPRMC,110058.00,A,4155.819479,N,01236.694648,E,000.0,,220219,,,A*7F
$GPGGA,110059.00,4155.819473,N,01236.694647,E,1,09,3.2,68.5,M,45.0,M,,*5F
$GPGSV,3,1,11,13,74,331,18,28,61,076,29,15,40,307,19,05,37,207,18*74
$GPGSV,3,2,11,30,36,064,40,17,13,130,36,24,13,265,18,07,05,072,40*74
$GPGSV,3,3,11,19,00,153,,20,00,330,,08,01,024,*4B
$GLGSV,3,1,09,73,49,032,33,74,70,279,25,71,50,165,25,75,19,238,28*66
$GLGSV,3,2,09,82,07,030,19,72,70,304,,65,24,326,,83,03,076,*65
$GLGSV,3,3,09,70,02,155,*58
$GPGSA,A,3,05,07,13,15,17,24,28,30,,,,,2.2,1.5,1.6*3C
$GNGSA,A,3,05,07,13,15,17,24,28,30,,,,,2.2,1.5,1.6*22
$GNGSA,A,3,73,,,,,,,,,,,,2.2,1.5,1.6*2B
$QZGSA,A,3,,,,,,,,,,,,,2.2,1.5,1.6*2D
$IMGSA,A,3,,,,,,,,,,,,,2.2,1.5,1.6*22
$GPRMC,110059.00,A,4155.819473,N,01236.694647,E,000.0,,220219,,,A*7B
$GPGGA,110100.00,4155.819327,N,01236.694725,E,1,09,3.2,68.5,M,45.0,M,,*51
$GPGSV,3,1,11,13,74,331,18,28,61,076,29,15,40,307,19,05,37,207,19*75
$GPGSV,3,2,11,30,36,064,40,17,13,130,36,24,13,265,18,07,05,072,40*74
$GPGSV,3,3,11,19,00,153,,20,00,330,,08,01,024,*4B
$GLGSV,3,1,09,73,49,032,34,74,70,279,25,71,50,165,24,75,19,238,28*60
$GLGSV,3,2,09,82,07,030,19,72,70,304,,65,24,326,,83,03,076,*65
$GLGSV,3,3,09,70,02,155,*58
$GPGSA,A,3,05,07,13,15,17,24,28,30,,,,,2.2,1.5,1.6*3C
$GNGSA,A,3,05,07,13,15,17,24,28,30,,,,,2.2,1.5,1.6*22
$GNGSA,A,3,73,,,,,,,,,,,,2.2,1.5,1.6*2B
$QZGSA,A,3,,,,,,,,,,,,,2.2,1.5,1.6*2D
$IMGSA,A,3,,,,,,,,,,,,,2.2,1.5,1.6*22
$GPRMC,110100.00,A,4155.819327,N,01236.694725,E,000.6,,220219,,,A*73
$GPGGA,110101.00,4155.819197,N,01236.694973,E,1,09,3.2,68.5,M,45.0,M,,*54
$GPGSV,3,1,11,13,74,331,17,28,61,076,30,15,40,307,18,05,37,207,19*73
$GPGSV,3,2,11,30,36,064,40,17,13,130,36,24,13,265,18,07,05,072,40*74
$GPGSV,3,3,11,19,00,153,,20,00,330,,08,01,024,*4B
$GLGSV,3,1,09,73,49,032,34,74,70,279,25,71,50,165,24,75,19,238,28*60
$GLGSV,3,2,09,82,07,030,19,72,70,304,,65,24,326,,83,03,076,*65
$GLGSV,3,3,09,70,02,155,*58
$GPGSA,A,3,05,07,13,15,17,24,28,30,,,,,2.3,1.5,1.8*33
$GNGSA,A,3,05,07,13,15,17,24,28,30,,,,,2.3,1.5,1.8*2D
$GNGSA,A,3,73,,,,,,,,,,,,2.3,1.5,1.8*24
$QZGSA,A,3,,,,,,,,,,,,,2.3,1.5,1.8*22
$IMGSA,A,3,,,,,,,,,,,,,2.3,1.5,1.8*2D
$GPRMC,110101.00,A,4155.819197,N,01236.694973,E,000.1,,220219,,,A*71
$GPGGA,110102.00,4155.819058,N,01236.695179,E,1,09,3.2,68.5,M,45.0,M,,*56
$GPGSV,3,1,11,13,74,331,17,28,61,076,30,15,40,307,18,05,37,207,20*79
$GPGSV,3,2,11,30,36,064,40,17,13,130,36,24,13,265,18,07,05,072,40*74
$GPGSV,3,3,11,19,00,153,,20,00,330,,08,01,024,*4B
$GLGSV,3,1,09,73,49,032,34,74,70,279,25,71,50,165,23,75,19,238,28*67
$GLGSV,3,2,09,82,07,030,18,72,70,303,,65,24,326,,83,03,076,*63
$GLGSV,3,3,09,70,02,155,*58
$GPGSA,A,3,05,07,13,15,17,24,28,30,,,,,2.0,1.2,1.6*39
$GNGSA,A,3,05,07,13,15,17,24,28,30,,,,,2.0,1.2,1.6*27
$GNGSA,A,3,73,,,,,,,,,,,,2.0,1.2,1.6*2E
$QZGSA,A,3,,,,,,,,,,,,,2.0,1.2,1.6*28
$IMGSA,A,3,,,,,,,,,,,,,2.0,1.2,1.6*27
$GPRMC,110102.00,A,4155.819058,N,01236.695179,E,000.0,,220219,,,A*72
$GPGGA,110103.00,4155.818932,N,01236.695337,E,1,09,3.2,68.5,M,45.0,M,,*5B
$GPGSV,3,1,11,13,74,331,17,28,61,076,30,15,40,307,18,05,37,207,21*78
$GPGSV,3,2,11,30,36,064,40,17,13,130,36,24,13,265,18,07,05,072,40*74
$GPGSV,3,3,11,19,00,153,,20,00,330,,08,01,024,*4B
$GLGSV,3,1,09,73,49,032,34,74,70,279,25,71,50,165,23,75,19,238,28*67
$GLGSV,3,2,09,82,07,030,18,72,70,303,,65,24,326,,83,03,076,*63
$GLGSV,3,3,09,70,02,155,*58
$GPGSA,A,3,05,07,13,15,17,24,28,30,,,,,2.0,1.2,1.6*39
$GNGSA,A,3,05,07,13,15,17,24,28,30,,,,,2.0,1.2,1.6*27
$GNGSA,A,3,73,,,,,,,,,,,,2.0,1.2,1.6*2E
$QZGSA,A,3,,,,,,,,,,,,,2.0,1.2,1.6*28
$IMGSA,A,3,,,,,,,,,,,,,2.0,1.2,1.6*27
$GPRMC,110103.00,A,4155.818932,N,01236.695337,E,000.1,,220219,,,A*7E
$GPGGA,110104.00,4155.818824,N,01236.695500,E,1,09,3.2,68.5,M,45.0,M,,*58
$GPGSV,3,1,11,13,74,331,16,28,61,076,30,15,40,307,18,05,37,207,22*7A
$GPGSV,3,2,11,30,36,064,40,17,13,130,36,24,13,265,20,07,05,072,40*7F
$GPGSV,3,3,11,19,00,153,,20,00,330,,08,01,024,*4B
$GLGSV,3,1,09,73,49,032,34,74,70,279,24,71,50,165,22,75,19,238,28*67
$GLGSV,3,2,09,82,07,030,18,72,70,303,,65,24,326,,83,03,076,*63
$GLGSV,3,3,09,70,02,155,*58
$GPGSA,A,3,05,07,13,15,17,24,28,30,,,,,2.0,1.2,1.6*39
$GNGSA,A,3,05,07,13,15,17,24,28,30,,,,,2.0,1.2,1.6*27
$GNGSA,A,3,73,,,,,,,,,,,,2.0,1.2,1.6*2E
$QZGSA,A,3,,,,,,,,,,,,,2.0,1.2,1.6*28
$IMGSA,A,3,,,,,,,,,,,,,2.0,1.2,1.6*27
$GPRMC,110104.00,A,4155.818824,N,01236.695500,E,000.0,,220219,,,A*7C
$GPGGA,110105.00,4155.819214,N,01236.695681,E,1,09,3.2,68.4,M,45.0,M,,*5A
$GPGSV,3,1,11,13,74,331,16,28,61,076,30,15,40,307,18,05,37,207,22*7A
$GPGSV,3,2,11,30,36,064,40,17,13,130,36,24,13,265,21,07,05,072,40*7E
$GPGSV,3,3,11,19,00,153,,20,00,330,,08,01,024,*4B
$GLGSV,3,1,09,73,49,032,34,74,70,279,24,71,50,165,22,75,19,238,27*68
$GLGSV,3,2,09,82,07,030,18,72,70,303,,65,24,326,,83,03,076,*63
$GLGSV,3,3,09,70,02,155,*58
$GPGSA,A,3,05,07,13,15,17,24,28,30,,,,,2.0,1.2,1.6*39
$GNGSA,A,3,05,07,13,15,17,24,28,30,,,,,2.0,1.2,1.6*27
$GNGSA,A,3,73,,,,,,,,,,,,2.0,1.2,1.6*2E
$QZGSA,A,3,,,,,,,,,,,,,2.0,1.2,1.6*28
$IMGSA,A,3,,,,,,,,,,,,,2.0,1.2,1.6*27
$GPRMC,110105.00,A,4155.819214,N,01236.695681,E,001.3,,220219,,,A*7D
$GPGGA,110106.00,4155.818960,N,01236.696680,E,1,09,3.2,68.3,M,45.0,M,,*55
$GPGSV,3,1,11,13,74,331,16,28,61,076,30,15,40,307,20,05,37,207,22*71
$GPGSV,3,2,11,30,36,064,40,17,13,130,36,24,13,265,20,07,05,072,40*7F
$GPGSV,3,3,11,19,00,153,,20,00,330,,08,01,024,*4B
$GLGSV,3,1,09,73,49,032,33,74,70,279,24,71,50,165,22,75,19,238,27*6F
$GLGSV,3,2,09,82,07,030,19,72,70,303,,65,24,326,,83,03,076,*62
$GLGSV,3,3,09,70,02,155,*58
$GPGSA,A,3,05,07,13,15,17,24,28,30,,,,,2.0,1.2,1.6*39
$GNGSA,A,3,05,07,13,15,17,24,28,30,,,,,2.0,1.2,1.6*27
$GNGSA,A,3,73,,,,,,,,,,,,2.0,1.2,1.6*2E
$QZGSA,A,3,,,,,,,,,,,,,2.0,1.2,1.6*28
$IMGSA,A,3,,,,,,,,,,,,,2.0,1.2,1.6*27
$GPRMC,110106.00,A,4155.818960,N,01236.696680,E,001.5,,220219,,,A*73
$GPGGA,110107.00,4155.818555,N,01236.697533,E,1,09,3.2,68.3,M,45.0,M,,*54
$GPGSV,3,1,11,13,74,331,15,28,61,075,30,15,40,307,20,05,37,207,22*71
$GPGSV,3,2,11,30,36,064,40,17,13,130,36,24,13,265,20,07,05,072,40*7F
$GPGSV,3,3,11,19,00,153,,08,01,024,10,20,00,330,*4A
$GLGSV,3,1,09,73,49,032,33,74,70,279,24,71,50,165,21,75,19,238,27*6C
$GLGSV,3,2,09,82,07,030,20,72,70,303,,65,24,326,,83,03,076,*68
$GLGSV,3,3,09,70,02,155,*58
$GPGSA,A,3,05,07,13,15,17,24,28,30,,,,,2.0,1.2,1.6*39
$GNGSA,A,3,05,07,13,15,17,24,28,30,,,,,2.0,1.2,1.6*27
$GNGSA,A,3,73,,,,,,,,,,,,2.0,1.2,1.6*2E
$QZGSA,A,3,,,,,,,,,,,,,2.0,1.2,1.6*28
$IMGSA,A,3,,,,,,,,,,,,,2.0,1.2,1.6*27
$GPRMC,110107.00,A,4155.818555,N,01236.697533,E,001.4,,220219,,,A*73
$GPGGA,110108.00,4155.818408,N,01236.697423,E,1,09,3.2,68.3,M,45.0,M,,*52
$GPGSV,3,1,11,13,74,331,15,28,61,075,30,15,40,307,20,05,37,207,22*71
$GPGSV,3,2,11,30,36,064,40,17,13,130,36,24,13,265,20,07,05,072,40*7F
$GPGSV,3,3,11,19,00,153,,08,01,024,10,20,00,330,*4A
$GLGSV,3,1,09,73,49,032,33,74,70,279,23,71,50,165,20,75,19,238,26*6B
$GLGSV,3,2,09,82,07,030,20,72,70,303,,65,24,326,,83,03,076,*68
$GLGSV,3,3,09,70,02,155,*58
$GPGSA,A,3,05,07,13,15,17,24,28,30,,,,,2.2,1.5,1.6*3C
$GNGSA,A,3,05,07,13,15,17,24,28,30,,,,,2.2,1.5,1.6*22
$GNGSA,A,3,73,,,,,,,,,,,,2.2,1.5,1.6*2B
$QZGSA,A,3,,,,,,,,,,,,,2.2,1.5,1.6*2D
$IMGSA,A,3,,,,,,,,,,,,,2.2,1.5,1.6*22
$GPRMC,110108.00,A,4155.818408,N,01236.697423,E,000.1,,220219,,,A*71
$GPGGA,110109.00,4155.818570,N,01236.697919,E,1,09,3.2,68.2,M,45.0,M,,*58
$GPGSV,3,1,11,13,74,331,15,28,61,075,30,15,40,307,20,05,37,207,22*71
$GPGSV,3,2,11,30,36,064,40,17,13,130,36,24,13,265,21,07,05,072,40*7E
$GPGSV,3,3,11,19,00,153,,08,01,024,,20,00,330,*4B
$GLGSV,3,1,09,73,49,032,33,74,70,279,23,71,50,165,20,75,19,238,26*6B
$GLGSV,3,2,09,82,07,030,21,72,70,303,,65,24,326,,83,03,076,*69
$GLGSV,3,3,09,70,02,155,*58
$GPGSA,A,3,05,07,13,15,17,24,28,30,,,,,2.0,1.2,1.6*39
$GNGSA,A,3,05,07,13,15,17,24,28,30,,,,,2.0,1.2,1.6*27
$GNGSA,A,3,73,,,,,,,,,,,,2.0,1.2,1.6*2E
$QZGSA,A,3,,,,,,,,,,,,,2.0,1.2,1.6*28
$IMGSA,A,3,,,,,,,,,,,,,2.0,1.2,1.6*27
$GPRMC,110109.00,A,4155.818570,N,01236.697919,E,001.4,,220219,,,A*7E
$GPGGA,110110.00,4155.818646,N,01236.698414,E,1,09,3.2,68.2,M,45.0,M,,*59
$GPGSV,3,1,11,13,74,331,15,28,61,075,31,15,40,307,19,05,37,207,22*7A
$GPGSV,3,2,11,30,36,064,41,17,13,130,36,24,13,265,21,07,05,072,40*7F
$GPGSV,3,3,11,19,00,153,,08,01,024,,20,00,330,*4B
$GLGSV,3,1,09,73,49,032,33,74,70,279,23,71,50,165,19,75,19,238,26*61
$GLGSV,3,2,09,82,07,030,21,72,70,303,,65,24,326,,83,03,076,*69
$GLGSV,3,3,09,70,02,155,*58
$GPGSA,A,3,05,07,13,15,17,24,28,30,,,,,2.1,1.2,1.8*36
$GNGSA,A,3,05,07,13,15,17,24,28,30,,,,,2.1,1.2,1.8*28
$GNGSA,A,3,73,,,,,,,,,,,,2.1,1.2,1.8*21
$QZGSA,A,3,,,,,,,,,,,,,2.1,1.2,1.8*27
$IMGSA,A,3,,,,,,,,,,,,,2.1,1.2,1.8*28
$GPRMC,110110.00,A,4155.818646,N,01236.698414,E,000.0,,220219,,,A*7A
$GPGGA,110111.00,4155.818591,N,01236.698451,E,1,09,3.2,68.0,M,45.0,M,,*52
$GPGSV,3,1,11,13,74,331,15,28,61,075,31,15,40,307,19,05,37,207,22*7A
$GPGSV,3,2,11,30,36,064,41,17,13,130,36,24,13,265,21,07,05,072,40*7F
$GPGSV,3,3,11,19,00,153,,08,01,024,09,20,00,330,*42
$GLGSV,3,1,09,73,49,032,33,74,70,279,22,71,50,165,19,75,19,238,25*63
$GLGSV,3,2,09,82,07,030,21,72,70,303,,65,24,326,,83,03,076,*69
$GLGSV,3,3,09,70,02,155,*58
$GPGSA,A,3,05,07,13,15,17,24,28,30,,,,,2.1,1.2,1.8*36
$GNGSA,A,3,05,07,13,15,17,24,28,30,,,,,2.1,1.2,1.8*28
$GNGSA,A,3,73,,,,,,,,,,,,2.1,1.2,1.8*21
$QZGSA,A,3,,,,,,,,,,,,,2.1,1.2,1.8*27
$IMGSA,A,3,,,,,,,,,,,,,2.1,1.2,1.8*28
$GPRMC,110111.00,A,4155.818591,N,01236.698451,E,001.2,,220219,,,A*70
$GPGGA,110112.00,4155.818670,N,01236.698637,E,1,09,3.2,67.9,M,45.0,M,,*59
$GPGSV,3,1,11,13,74,331,15,28,61,075,31,15,40,307,19,05,37,207,22*7A
$GPGSV,3,2,11,30,36,064,40,17,13,130,36,24,13,265,21,07,05,072,40*7E
$GPGSV,3,3,11,19,00,153,,08,01,024,10,20,00,330,*4A
$GLGSV,3,1,09,73,49,032,32,74,70,279,22,71,50,165,19,75,19,238,25*62
$GLGSV,3,2,09,82,07,030,21,72,70,303,,65,24,326,,83,03,076,*69
$GLGSV,3,3,09,70,02,155,*58
$GPGSA,A,3,05,07,13,15,17,24,28,30,,,,,2.0,1.2,1.6*39
$GNGSA,A,3,05,07,13,15,17,24,28,30,,,,,2.0,1.2,1.6*27
$GNGSA,A,3,73,,,,,,,,,,,,2.0,1.2,1.6*2E
$QZGSA,A,3,,,,,,,,,,,,,2.0,1.2,1.6*28
$IMGSA,A,3,,,,,,,,,,,,,2.0,1.2,1.6*27
$GPRMC,110112.00,A,4155.818670,N,01236.698637,E,000.9,,220219,,,A*77
$GPGGA,110113.00,4155.818724,N,01236.698650,E,1,09,3.2,67.9,M,45.0,M,,*59
$GPGSV,3,1,11,13,74,331,15,28,61,075,31,15,40,307,19,05,37,207,22*7A
$GPGSV,3,2,11,30,36,064,40,17,13,130,36,24,13,265,21,07,05,072,40*7E
$GPGSV,3,3,11,19,00,153,,08,01,024,,20,00,330,*4B
$GLGSV,3,1,09,73,49,032,32,74,70,279,22,71,50,165,18,75,19,238,25*63
$GLGSV,3,2,09,82,07,030,21,72,70,303,,65,24,326,,83,03,076,*69
$GLGSV,3,3,09,70,02,155,*58
$GPGSA,A,3,05,07,13,15,17,24,28,30,,,,,2.2,1.5,1.6*3C
$GNGSA,A,3,05,07,13,15,17,24,28,30,,,,,2.2,1.5,1.6*22
$GNGSA,A,3,73,,,,,,,,,,,,2.2,1.5,1.6*2B
$QZGSA,A,3,,,,,,,,,,,,,2.2,1.5,1.6*2D
$IMGSA,A,3,,,,,,,,,,,,,2.2,1.5,1.6*22
$GPRMC,110113.00,A,4155.818724,N,01236.698650,E,000.0,,220219,,,A*7E
$GPGGA,110114.00,4155.818687,N,01236.698609,E,1,09,3.2,67.8,M,45.0,M,,*5B
$GPGSV,3,1,11,13,74,331,15,28,61,075,32,15,40,307,19,05,37,207,22*79
$GPGSV,3,2,11,30,36,064,40,17,13,130,36,24,13,265,20,07,05,072,40*7F
$GPGSV,3,3,11,19,00,153,,08,01,024,,20,00,330,*4B
$GLGSV,3,1,09,73,49,032,32,74,70,279,22,71,50,165,18,75,19,238,25*63
$GLGSV,3,2,09,82,07,030,21,72,70,303,,65,24,326,,83,03,076,*69
$GLGSV,3,3,09,70,02,155,*58
$GPGSA,A,3,05,07,13,15,17,24,28,30,,,,,2.0,1.2,1.6*39
$GNGSA,A,3,05,07,13,15,17,24,28,30,,,,,2.0,1.2,1.6*27
$GNGSA,A,3,73,,,,,,,,,,,,2.0,1.2,1.6*2E
$QZGSA,A,3,,,,,,,,,,,,,2.0,1.2,1.6*28
$IMGSA,A,3,,,,,,,,,,,,,2.0,1.2,1.6*27
$GPRMC,110114.00,A,4155.818687,N,01236.698609,E,000.6,,220219,,,A*7B
$GPGGA,110115.00,4155.818739,N,01236.698667,E,1,09,3.2,67.8,M,45.0,M,,*56
$GPGSV,3,1,11,13,74,331,15,28,61,075,32,15,40,307,20,05,37,207,21*70
$GPGSV,3,2,11,30,36,064,41,17,13,130,36,24,13,265,20,07,05,072,40*7E
$GPGSV,3,3,11,19,00,153,,08,01,024,,20,00,330,*4B
$GLGSV,3,1,09,73,49,032,32,74,70,279,21,71,50,165,18,75,19,238,24*61
$GLGSV,3,2,09,82,07,030,20,72,70,303,,65,24,326,,83,03,076,*68
$GLGSV,3,3,09,70,02,155,*58
$GPGSA,A,3,05,07,13,15,17,24,28,30,,,,,2.0,1.2,1.6*39
$GNGSA,A,3,05,07,13,15,17,24,28,30,,,,,2.0,1.2,1.6*27
$GNGSA,A,3,73,,,,,,,,,,,,2.0,1.2,1.6*2E
$QZGSA,A,3,,,,,,,,,,,,,2.0,1.2,1.6*28
$IMGSA,A,3,,,,,,,,,,,,,2.0,1.2,1.6*27
$GPRMC,110115.00,A,4155.818739,N,01236.698667,E,000.1,,220219,,,A*71
$GPGGA,110116.00,4155.818748,N,01236.698466,E,1,09,3.2,67.6,M,45.0,M,,*5E
$GPGSV,3,1,11,13,74,331,15,28,61,075,33,15,40,307,20,05,37,207,21*71
$GPGSV,3,2,11,30,36,064,41,17,13,130,36,24,13,265,21,07,05,072,40*7F
$GPGSV,3,3,11,19,00,153,,20,00,330,,08,01,024,*4B
$GLGSV,3,1,09,73,49,032,32,74,70,279,21,71,50,165,17,75,19,238,24*6E
$GLGSV,3,2,09,82,07,030,20,72,70,303,,65,24,326,,83,03,076,*68
$GLGSV,3,3,09,70,02,155,*58
$GPGSA,A,3,05,07,13,15,17,24,28,30,,,,,2.0,1.2,1.6*39
$GNGSA,A,3,05,07,13,15,17,24,28,30,,,,,2.0,1.2,1.6*27
$GNGSA,A,3,73,,,,,,,,,,,,2.0,1.2,1.6*2E
$QZGSA,A,3,,,,,,,,,,,,,2.0,1.2,1.6*28
$IMGSA,A,3,,,,,,,,,,,,,2.0,1.2,1.6*27
$GPRMC,110116.00,A,4155.818748,N,01236.698466,E,000.9,,220219,,,A*7F
$GPGGA,110117.00,4155.818778,N,01236.698084,E,1,09,3.2,67.6,M,45.0,M,,*54
$GPGSV,3,1,11,13,74,331,15,28,61,075,33,15,40,307,20,05,37,207,21*71
$GPGSV,3,2,11,30,36,064,41,17,13,130,36,24,13,265,21,07,05,072,40*7F
$GPGSV,3,3,11,19,00,153,,20,00,330,,08,01,024,*4B
$GLGSV,3,1,09,73,49,032,32,74,70,279,21,71,50,165,17,75,19,238,25*6F
$GLGSV,3,2,09,82,07,030,20,72,70,303,,65,24,326,,83,03,076,*68
$GLGSV,3,3,09,70,02,155,*58
$GPGSA,A,3,05,07,13,15,17,24,28,30,,,,,2.0,1.2,1.6*39
$GNGSA,A,3,05,07,13,15,17,24,28,30,,,,,2.0,1.2,1.6*27
$GNGSA,A,3,73,,,,,,,,,,,,2.0,1.2,1.6*2E
$QZGSA,A,3,,,,,,,,,,,,,2.0,1.2,1.6*28
$IMGSA,A,3,,,,,,,,,,,,,2.0,1.2,1.6*27
$GPRMC,110117.00,A,4155.818778,N,01236.698084,E,000.2,,220219,,,A*7E
$GPGGA,110118.00,4155.818845,N,01236.698147,E,1,09,3.2,67.6,M,45.0,M,,*54
$GPGSV,3,1,11,13,74,331,15,28,61,075,33,15,40,307,21,05,37,207,21*70
$GPGSV,3,2,11,30,36,064,41,17,13,130,36,24,13,265,21,07,05,072,40*7F
$GPGSV,3,3,11,19,00,153,,20,00,330,,08,01,024,*4B
$GLGSV,3,1,09,73,49,032,31,74,70,279,20,71,50,165,17,75,19,238,25*6D
$GLGSV,3,2,09,82,07,030,20,72,70,303,,65,24,326,,83,03,076,*68
$GLGSV,3,3,09,70,02,155,*58
$GPGSA,A,3,05,07,13,15,17,24,28,30,,,,,2.0,1.2,1.6*39
$GNGSA,A,3,05,07,13,15,17,24,28,30,,,,,2.0,1.2,1.6*27
$GNGSA,A,3,73,,,,,,,,,,,,2.0,1.2,1.6*2E
$QZGSA,A,3,,,,,,,,,,,,,2.0,1.2,1.6*28
$IMGSA,A,3,,,,,,,,,,,,,2.0,1.2,1.6*27
$GPRMC,110118.00,A,4155.818845,N,01236.698147,E,000.0,,220219,,,A*7C
$GPGGA,110119.00,4155.818872,N,01236.698217,E,1,09,3.2,67.4,M,45.0,M,,*55
$GPGSV,3,1,11,13,74,331,16,28,61,075,33,15,40,307,21,05,37,207,20*72
$GPGSV,3,2,11,30,36,064,41,17,13,130,36,24,13,265,21,07,05,072,40*7F
$GPGSV,3,3,11,19,00,153,,20,00,330,,08,01,024,*4B
$GLGSV,3,1,09,73,49,032,31,74,70,279,20,71,50,165,16,75,19,238,25*6C
$GLGSV,3,2,09,82,07,030,21,72,70,303,,65,24,326,,83,03,076,*69
$GLGSV,3,3,09,70,02,155,*58
$GPGSA,A,3,05,07,13,15,17,24,28,30,,,,,2.0,1.2,1.6*39
$GNGSA,A,3,05,07,13,15,17,24,28,30,,,,,2.0,1.2,1.6*27
$GNGSA,A,3,73,,,,,,,,,,,,2.0,1.2,1.6*2E
$QZGSA,A,3,,,,,,,,,,,,,2.0,1.2,1.6*28
$IMGSA,A,3,,,,,,,,,,,,,2.0,1.2,1.6*27
$GPRMC,110119.00,A,4155.818872,N,01236.698217,E,001.4,,220219,,,A*7A
$GPGGA,110120.00,4155.818687,N,01236.697723,E,1,09,3.2,67.4,M,45.0,M,,*56
$GPGSV,3,1,11,13,74,331,16,28,61,075,33,15,40,307,20,05,37,207,20*73
$GPGSV,3,2,11,30,36,064,41,17,13,130,36,24,13,265,21,07,05,072,40*7F
$GPGSV,3,3,11,19,00,153,,20,00,330,,08,01,024,*4B
$GLGSV,3,1,09,73,49,032,31,74,70,279,20,71,50,165,16,75,19,238,25*6C
$GLGSV,3,2,09,82,07,030,22,72,70,303,,65,24,326,,83,03,076,*6A
$GLGSV,3,3,09,70,02,155,*58
$GPGSA,A,3,05,07,13,15,17,24,28,30,,,,,2.0,1.2,1.6*39
$GNGSA,A,3,05,07,13,15,17,24,28,30,,,,,2.0,1.2,1.6*27
$GNGSA,A,3,73,,,,,,,,,,,,2.0,1.2,1.6*2E
$QZGSA,A,3,,,,,,,,,,,,,2.0,1.2,1.6*28
$IMGSA,A,3,,,,,,,,,,,,,2.0,1.2,1.6*27
$GPRMC,110120.00,A,4155.818687,N,01236.697723,E,000.0,,220219,,,A*7C
$GPGGA,110121.00,4155.818787,N,01236.697778,E,1,09,3.2,67.2,M,45.0,M,,*5E
$GPGSV,3,1,11,13,74,331,16,28,61,075,33,15,40,307,20,05,37,207,20*73
$GPGSV,3,2,11,30,36,064,41,17,13,130,36,24,13,265,21,07,05,072,40*7F
$GPGSV,3,3,11,19,00,153,,20,00,330,,08,01,024,*4B
$GLGSV,3,1,09,73,49,032,31,74,70,279,20,71,50,165,16,75,19,238,25*6C
$GLGSV,3,2,09,82,07,030,23,72,70,303,,65,24,326,,83,03,076,*6B
$GLGSV,3,3,09,70,02,155,*58
$GPGSA,A,3,05,07,13,15,17,24,28,30,,,,,2.0,1.2,1.6*39
$GNGSA,A,3,05,07,13,15,17,24,28,30,,,,,2.0,1.2,1.6*27
$GNGSA,A,3,73,,,,,,,,,,,,2.0,1.2,1.6*2E
$QZGSA,A,3,,,,,,,,,,,,,2.0,1.2,1.6*28
$IMGSA,A,3,,,,,,,,,,,,,2.0,1.2,1.6*27
$GPRMC,110121.00,A,4155.818787,N,01236.697778,E,000.9,,220219,,,A*7B
$GPGGA,110122.00,4155.818907,N,01236.697452,E,1,09,3.2,67.1,M,45.0,M,,*53
$GPGSV,3,1,11,13,74,331,16,28,61,075,33,15,40,307,20,05,37,207,19*79
$GPGSV,3,2,11,30,36,064,41,17,13,130,36,24,13,265,22,07,05,072,40*7C
$GPGSV,3,3,11,19,00,153,,20,00,330,,08,01,024,*4B
$GLGSV,3,1,09,73,49,032,31,74,70,279,20,71,50,165,15,75,19,238,25*6F
$GLGSV,3,2,09,82,07,030,23,72,70,303,,65,24,326,,83,03,076,*6B
$GLGSV,3,3,09,70,02,155,*58
$GPGSA,A,3,05,07,13,15,17,24,28,30,,,,,2.0,1.2,1.6*39
$GNGSA,A,3,05,07,13,15,17,24,28,30,,,,,2.0,1.2,1.6*27
$GNGSA,A,3,73,,,,,,,,,,,,2.0,1.2,1.6*2E
$QZGSA,A,3,,,,,,,,,,,,,2.0,1.2,1.6*28
$IMGSA,A,3,,,,,,,,,,,,,2.0,1.2,1.6*27
$GPRMC,110122.00,A,4155.818907,N,01236.697452,E,001.1,,220219,,,A*7C
$GPGGA,110123.00,4155.818948,N,01236.696859,E,1,09,3.2,66.9,M,45.0,M,,*56
$GPGSV,3,1,11,13,74,331,16,28,61,075,33,15,40,307,21,05,37,207,19*78
$GPGSV,3,2,11,30,36,064,41,17,13,130,35,24,13,265,22,07,05,072,40*7F
$GPGSV,3,3,11,19,00,153,,20,00,330,,08,01,024,*4B
$GLGSV,3,1,09,73,49,032,30,74,70,279,19,71,50,165,15,75,19,238,25*64
$GLGSV,3,2,09,82,07,030,23,72,70,303,,65,24,326,,83,03,076,*6B
$GLGSV,3,3,09,70,02,155,*58
$GPGSA,A,3,05,07,13,15,17,24,28,30,,,,,2.0,1.2,1.6*39
$GNGSA,A,3,05,07,13,15,17,24,28,30,,,,,2.0,1.2,1.6*27
$GNGSA,A,3,73,,,,,,,,,,,,2.0,1.2,1.6*2E
$QZGSA,A,3,,,,,,,,,,,,,2.0,1.2,1.6*28
$IMGSA,A,3,,,,,,,,,,,,,2.0,1.2,1.6*27
$GPRMC,110123.00,A,4155.818948,N,01236.696859,E,001.1,,220219,,,A*70
$GPGGA,110124.00,4155.818965,N,01236.696511,E,1,09,3.2,66.7,M,45.0,M,,*51
$GPGSV,3,1,11,13,74,331,16,28,61,075,33,15,40,307,22,05,37,207,19*7B
$GPGSV,3,2,11,30,36,064,41,17,13,130,35,24,13,265,22,07,05,072,39*71
$GPGSV,3,3,11,19,00,153,,20,00,330,,08,01,024,*4B
$GLGSV,3,1,09,73,49,032,30,74,70,279,19,71,50,165,14,75,19,238,25*65
$GLGSV,3,2,09,82,07,030,22,72,70,303,,65,24,326,,83,03,076,*6A
$GLGSV,3,3,09,70,02,155,*58
$GPGSA,A,3,05,07,13,15,17,24,28,30,,,,,2.0,1.2,1.6*39
$GNGSA,A,3,05,07,13,15,17,24,28,30,,,,,2.0,1.2,1.6*27
$GNGSA,A,3,73,,,,,,,,,,,,2.0,1.2,1.6*2E
$QZGSA,A,3,,,,,,,,,,,,,2.0,1.2,1.6*28
$IMGSA,A,3,,,,,,,,,,,,,2.0,1.2,1.6*27
$GPRMC,110124.00,A,4155.818965,N,01236.696511,E,000.8,,220219,,,A*71
$GPGGA,110125.00,4155.819062,N,01236.696405,E,1,09,3.2,66.5,M,45.0,M,,*59
$GPGSV,3,1,11,13,74,331,16,28,61,075,33,15,40,307,22,05,37,207,18*7A
$GPGSV,3,2,11,30,36,064,41,17,13,130,35,24,13,265,23,07,05,072,39*70
$GPGSV,3,3,11,19,00,153,,20,00,330,,08,01,024,*4B
$GLGSV,3,1,09,73,49,032,30,74,70,279,19,71,50,165,14,75,19,238,25*65
$GLGSV,3,2,09,82,07,030,22,72,70,303,,65,24,326,,83,03,076,*6A
$GLGSV,3,3,09,70,02,155,*58
$GPGSA,A,3,05,07,13,15,17,24,28,30,,,,,2.0,1.2,1.6*39
$GNGSA,A,3,05,07,13,15,17,24,28,30,,,,,2.0,1.2,1.6*27
$GNGSA,A,3,73,,,,,,,,,,,,2.0,1.2,1.6*2E
$QZGSA,A,3,,,,,,,,,,,,,2.0,1.2,1.6*28
$IMGSA,A,3,,,,,,,,,,,,,2.0,1.2,1.6*27
$GPRMC,110125.00,A,4155.819062,N,01236.696405,E,000.9,,220219,,,A*7A
$GPGGA,110126.00,4155.819061,N,01236.696142,E,1,09,3.2,66.3,M,45.0,M,,*59
$GPGSV,3,1,11,13,74,331,16,28,61,075,33,15,40,307,22,05,37,207,18*7A
$GPGSV,3,2,11,30,36,064,41,17,13,130,35,24,13,265,23,07,05,072,39*70
$GPGSV,3,3,11,19,00,153,,20,00,330,,08,01,024,*4B
$GLGSV,3,1,09,73,49,032,30,74,70,279,19,71,50,165,14,75,19,238,25*65
$GLGSV,3,2,09,82,07,030,22,72,70,303,,65,24,326,,83,03,076,*6A
$GLGSV,3,3,09,70,02,155,*58
$GPGSA,A,3,05,07,13,15,17,24,28,30,,,,,2.9,1.9,2.2*3C
$GNGSA,A,3,05,07,13,15,17,24,28,30,,,,,2.9,1.9,2.2*22
$GNGSA,A,3,73,,,,,,,,,,,,2.9,1.9,2.2*2B
$QZGSA,A,3,,,,,,,,,,,,,2.9,1.9,2.2*2D
$IMGSA,A,3,,,,,,,,,,,,,2.9,1.9,2.2*22
$GPRMC,110126.00,A,4155.819061,N,01236.696142,E,000.6,,220219,,,A*73
$GPGGA,110127.00,4155.819075,N,01236.695948,E,1,09,3.2,66.1,M,45.0,M,,*5E
$GPGSV,3,1,11,13,74,331,17,28,61,075,33,15,40,307,22,05,37,207,18*7B
$GPGSV,3,2,11,30,36,064,41,17,13,130,35,24,13,265,23,07,05,072,39*70
$GPGSV,3,3,11,19,00,153,,20,00,330,,08,01,024,*4B
$GLGSV,3,1,09,73,49,032,29,74,70,279,19,71,50,165,13,75,19,238,25*6A
$GLGSV,3,2,09,82,07,030,21,72,70,303,,65,24,326,,83,03,076,*69
$GLGSV,3,3,09,70,02,155,*58
$GPGSA,A,3,05,07,13,15,17,24,28,30,,,,,2.0,1.2,1.6*39
$GNGSA,A,3,05,07,13,15,17,24,28,30,,,,,2.0,1.2,1.6*27
$GNGSA,A,3,73,,,,,,,,,,,,2.0,1.2,1.6*2E
$QZGSA,A,3,,,,,,,,,,,,,2.0,1.2,1.6*28
$IMGSA,A,3,,,,,,,,,,,,,2.0,1.2,1.6*27
$GPRMC,110127.00,A,4155.819075,N,01236.695948,E,000.5,,220219,,,A*75
$GPGGA,110128.00,4155.819237,N,01236.695742,E,1,09,3.2,65.9,M,45.0,M,,*5A
$GPGSV,3,1,11,13,74,331,18,28,61,075,33,15,40,307,22,05,37,207,18*74
$GPGSV,3,2,11,30,36,064,41,17,13,130,34,24,13,265,23,07,05,072,39*71
$GPGSV,3,3,11,19,00,153,,20,00,330,,08,01,024,*4B
$GLGSV,3,1,09,73,49,032,29,74,70,279,18,71,50,165,13,75,19,238,24*6A
$GLGSV,3,2,09,82,07,030,20,72,70,303,,65,24,326,,83,03,076,*68
$GLGSV,3,3,09,70,02,155,*58
$GPGSA,A,3,05,07,13,15,17,24,28,30,,,,,2.0,1.2,1.6*39
$GNGSA,A,3,05,07,13,15,17,24,28,30,,,,,2.0,1.2,1.6*27
$GNGSA,A,3,73,,,,,,,,,,,,2.0,1.2,1.6*2E
$QZGSA,A,3,,,,,,,,,,,,,2.0,1.2,1.6*28
$IMGSA,A,3,,,,,,,,,,,,,2.0,1.2,1.6*27
$GPRMC,110128.00,A,4155.819237,N,01236.695742,E,000.8,,220219,,,A*77
$GPGGA,110129.00,4155.819109,N,01236.695548,E,1,09,3.2,65.8,M,45.0,M,,*5C
$GPGSV,3,1,11,13,74,331,18,28,61,075,33,15,40,307,22,05,37,207,18*74
$GPGSV,3,2,11,30,36,064,41,17,13,130,34,24,13,265,23,07,05,072,39*71
$GPGSV,3,3,11,19,00,153,,20,00,330,,08,01,024,*4B
$GLGSV,3,1,09,73,49,032,29,74,70,279,18,71,50,165,,75,19,238,24*68
$GLGSV,3,2,09,82,07,030,20,72,70,303,,65,24,326,,83,03,076,*68
$GLGSV,3,3,09,70,02,155,*58
$GPGSA,A,3,05,07,13,15,17,24,28,30,,,,,2.0,1.2,1.6*39
$GNGSA,A,3,05,07,13,15,17,24,28,30,,,,,2.0,1.2,1.6*27
$GNGSA,A,3,73,,,,,,,,,,,,2.0,1.2,1.6*2E
$QZGSA,A,3,,,,,,,,,,,,,2.0,1.2,1.6*28
$IMGSA,A,3,,,,,,,,,,,,,2.0,1.2,1.6*27
$GPRMC,110129.00,A,4155.819109,N,01236.695548,E,000.6,,220219,,,A*7E
$GPGGA,110130.00,4155.819077,N,01236.695565,E,1,09,3.2,65.7,M,45.0,M,,*5C
$GPGSV,3,1,11,13,74,331,18,28,61,075,33,15,40,307,22,05,37,207,18*74
$GPGSV,3,2,11,30,36,064,41,17,13,130,33,24,13,265,23,07,05,072,39*76
$GPGSV,3,3,11,19,00,153,,20,00,330,,08,01,024,*4B
$GLGSV,3,1,09,73,49,032,29,74,70,279,18,71,50,165,,75,19,238,24*68
$GLGSV,3,2,09,82,07,030,19,72,70,303,,65,24,326,,83,03,075,*61
$GLGSV,3,3,09,70,02,155,*58
$GPGSA,A,3,05,07,13,15,17,24,28,30,,,,,2.0,1.2,1.6*39
$GNGSA,A,3,05,07,13,15,17,24,28,30,,,,,2.0,1.2,1.6*27
$GNGSA,A,3,73,,,,,,,,,,,,2.0,1.2,1.6*2E
$QZGSA,A,3,,,,,,,,,,,,,2.0,1.2,1.6*28
$IMGSA,A,3,,,,,,,,,,,,,2.0,1.2,1.6*27
$GPRMC,110130.00,A,4155.819077,N,01236.695565,E,000.0,,220219,,,A*77
$GPGGA,110131.00,4155.819175,N,01236.695614,E,1,09,3.2,65.6,M,45.0,M,,*5A
$GPGSV,3,1,11,13,74,331,17,28,61,075,33,15,40,307,22,05,37,207,18*7B
$GPGSV,3,2,11,30,36,064,41,17,13,130,33,24,13,265,24,07,05,072,39*71
$GPGSV,3,3,11,19,01,153,09,20,00,330,,08,01,024,*43
$GLGSV,3,1,09,73,49,032,29,74,70,279,18,75,19,238,23,82,07,030,19*68
$GLGSV,3,2,09,72,70,303,,71,50,165,,65,24,326,,83,03,075,*66
$GLGSV,3,3,09,70,02,155,*58
$GPGSA,A,3,05,07,13,15,17,24,28,30,,,,,2.0,1.2,1.6*39
$GNGSA,A,3,05,07,13,15,17,24,28,30,,,,,2.0,1.2,1.6*27
$GNGSA,A,3,73,,,,,,,,,,,,2.0,1.2,1.6*2E
$QZGSA,A,3,,,,,,,,,,,,,2.0,1.2,1.6*28
$IMGSA,A,3,,,,,,,,,,,,,2.0,1.2,1.6*27
$GPRMC,110131.00,A,4155.819175,N,01236.695614,E,000.4,,220219,,,A*74
$GPGGA,110132.00,4155.819227,N,01236.695729,E,1,09,3.2,65.5,M,45.0,M,,*51
$GPGSV,3,1,11,13,74,331,17,28,61,075,33,15,40,307,23,05,37,207,19*7B
$GPGSV,3,2,11,30,36,064,42,17,13,130,33,24,13,265,24,07,05,072,39*72
$GPGSV,3,3,11,19,01,153,10,20,00,330,,08,01,024,*4B
$GLGSV,3,1,09,73,49,032,29,74,70,280,18,75,19,238,23,82,07,030,19*6E
$GLGSV,3,2,09,72,70,303,,71,50,165,,65,24,326,,83,03,075,*66
$GLGSV,3,3,09,70,02,155,*58
$GPGSA,A,3,05,07,13,15,17,24,28,30,,,,,2.0,1.2,1.6*39
$GNGSA,A,3,05,07,13,15,17,24,28,30,,,,,2.0,1.2,1.6*27
$GNGSA,A,3,73,,,,,,,,,,,,2.0,1.2,1.6*2E
$QZGSA,A,3,,,,,,,,,,,,,2.0,1.2,1.6*28
$IMGSA,A,3,,,,,,,,,,,,,2.0,1.2,1.6*27
$GPRMC,110132.00,A,4155.819227,N,01236.695729,E,000.1,,220219,,,A*79
$GPGGA,110133.00,4155.819311,N,01236.695738,E,1,09,3.2,65.3,M,45.0,M,,*52
$GPGSV,3,1,11,13,74,331,17,28,61,075,33,15,40,307,23,05,37,207,20*71
$GPGSV,3,2,11,30,36,064,42,17,13,130,32,24,13,265,24,07,05,072,39*73
$GPGSV,3,3,11,19,01,153,09,20,00,330,,08,01,024,*43
$GLGSV,3,1,09,73,49,032,28,74,70,280,17,75,19,238,22,82,07,030,19*61
$GLGSV,3,2,09,72,70,303,,71,50,165,,65,24,326,,83,03,075,*66
$GLGSV,3,3,09,70,02,155,*58
$GPGSA,A,3,05,07,13,15,17,24,28,30,,,,,2.0,1.2,1.6*39
$GNGSA,A,3,05,07,13,15,17,24,28,30,,,,,2.0,1.2,1.6*27
$GNGSA,A,3,73,,,,,,,,,,,,2.0,1.2,1.6*2E
$QZGSA,A,3,,,,,,,,,,,,,2.0,1.2,1.6*28
$IMGSA,A,3,,,,,,,,,,,,,2.0,1.2,1.6*27
$GPRMC,110133.00,A,4155.819311,N,01236.695738,E,000.3,,220219,,,A*7E
$GPGGA,110134.00,4155.819440,N,01236.695529,E,1,09,3.2,65.2,M,45.0,M,,*55
$GPGSV,3,1,11,13,74,331,19,28,61,075,33,15,40,307,24,05,37,207,20*78
$GPGSV,3,2,11,30,36,064,42,17,13,130,32,24,13,265,24,07,05,072,39*73
$GPGSV,3,3,11,19,01,153,09,20,00,330,,08,01,024,*43
$GLGSV,3,1,09,73,49,032,28,74,70,280,17,75,19,238,22,82,07,030,19*61
$GLGSV,3,2,09,72,70,303,,71,50,165,,65,24,326,,83,04,075,*61
$GLGSV,3,3,09,70,02,155,*58
$GPGSA,A,3,05,07,13,15,17,24,28,30,,,,,2.0,1.2,1.6*39
$GNGSA,A,3,05,07,13,15,17,24,28,30,,,,,2.0,1.2,1.6*27
$GNGSA,A,3,73,,,,,,,,,,,,2.0,1.2,1.6*2E
$QZGSA,A,3,,,,,,,,,,,,,2.0,1.2,1.6*28
$IMGSA,A,3,,,,,,,,,,,,,2.0,1.2,1.6*27
$GPRMC,110134.00,A,4155.819440,N,01236.695529,E,000.9,,220219,,,A*72
$GPGGA,110135.00,4155.819125,N,01236.694818,E,1,09,3.2,65.0,M,45.0,M,,*5E
$GPGSV,3,1,11,13,74,331,19,28,61,075,33,15,40,307,24,05,37,207,21*79
$GPGSV,3,2,11,30,36,064,42,17,13,129,31,24,13,265,25,07,05,072,39*79
$GPGSV,3,3,11,19,01,153,09,20,00,330,,08,01,024,*43
$GLGSV,3,1,09,73,49,032,28,74,70,280,19,75,19,238,22,82,07,030,18*6E
$GLGSV,3,2,09,72,70,303,,71,50,165,,65,24,326,,83,04,075,*61
$GLGSV,3,3,09,70,02,155,*58
$GPGSA,A,3,05,07,13,15,17,24,28,30,,,,,2.0,1.2,1.6*39
$GNGSA,A,3,05,07,13,15,17,24,28,30,,,,,2.0,1.2,1.6*27
$GNGSA,A,3,73,,,,,,,,,,,,2.0,1.2,1.6*2E
$QZGSA,A,3,,,,,,,,,,,,,2.0,1.2,1.6*28
$IMGSA,A,3,,,,,,,,,,,,,2.0,1.2,1.6*27
$GPRMC,110135.00,A,4155.819125,N,01236.694818,E,001.1,,220219,,,A*72
$GPGGA,110136.00,4155.819397,N,01236.693822,E,1,09,3.2,64.8,M,45.0,M,,*51
$GPGSV,3,1,11,13,74,331,19,28,61,075,33,15,40,307,23,05,37,207,21*7E
$GPGSV,3,2,11,30,36,064,42,17,13,129,31,24,13,265,24,07,05,072,39*78
$GPGSV,3,3,11,19,01,153,09,20,00,330,,08,01,024,*43
$GLGSV,3,1,09,73,49,032,28,74,70,280,20,75,19,238,22,82,07,030,18*64
$GLGSV,3,2,09,72,70,303,,71,50,165,,65,24,326,,83,04,075,*61
$GLGSV,3,3,09,70,02,155,*58
$GPGSA,A,3,05,07,13,15,17,24,28,30,,,,,2.0,1.2,1.6*39
$GNGSA,A,3,05,07,13,15,17,24,28,30,,,,,2.0,1.2,1.6*27
$GNGSA,A,3,73,,,,,,,,,,,,2.0,1.2,1.6*2E
$QZGSA,A,3,,,,,,,,,,,,,2.0,1.2,1.6*28
$IMGSA,A,3,,,,,,,,,,,,,2.0,1.2,1.6*27
$GPRMC,110136.00,A,4155.819397,N,01236.693822,E,000.7,,220219,,,A*73
$GPGGA,110137.00,4155.819517,N,01236.693356,E,1,09,3.2,64.6,M,45.0,M,,*58
$GPGSV,3,1,11,13,74,331,19,28,61,075,33,15,40,307,24,05,37,207,21*79
$GPGSV,3,2,11,30,36,064,42,17,13,129,31,24,13,265,24,07,05,072,39*78
$GPGSV,3,3,11,19,01,153,09,20,00,330,,08,01,024,*43
$GLGSV,3,1,09,73,49,032,28,74,70,280,21,75,19,238,21,82,07,030,17*69
$GLGSV,3,2,09,72,70,303,,71,50,165,,65,24,326,,83,04,075,*61
$GLGSV,3,3,09,70,02,155,*58
$GPGSA,A,3,05,07,13,15,17,24,28,30,,,,,2.0,1.2,1.6*39
$GNGSA,A,3,05,07,13,15,17,24,28,30,,,,,2.0,1.2,1.6*27
$GNGSA,A,3,73,,,,,,,,,,,,2.0,1.2,1.6*2E
$QZGSA,A,3,,,,,,,,,,,,,2.0,1.2,1.6*28
$IMGSA,A,3,,,,,,,,,,,,,2.0,1.2,1.6*27
$GPRMC,110137.00,A,4155.819517,N,01236.693356,E,000.6,,220219,,,A*75
$GPGGA,110138.00,4155.819365,N,01236.693128,E,1,09,3.2,64.4,M,45.0,M,,*5D
$GPGSV,3,1,12,13,74,331,18,28,61,075,33,15,40,307,24,05,37,207,22*78
$GPGSV,3,2,12,30,36,064,42,17,13,129,30,24,13,265,24,07,05,072,38*7B
$GPGSV,3,3,12,19,01,153,09,04,,,20,20,00,330,,08,01,024,*46
$GLGSV,3,1,09,73,48,032,27,74,70,280,21,75,19,238,21,82,07,030,17*67
$GLGSV,3,2,09,72,70,303,,71,50,165,,65,24,326,,83,04,075,*61
$GLGSV,3,3,09,70,02,155,*58
$GPGSA,A,3,05,07,13,15,17,24,28,30,,,,,2.0,1.2,1.6*39
$GNGSA,A,3,05,07,13,15,17,24,28,30,,,,,2.0,1.2,1.6*27
$GNGSA,A,3,73,,,,,,,,,,,,2.0,1.2,1.6*2E
$QZGSA,A,3,,,,,,,,,,,,,2.0,1.2,1.6*28
$IMGSA,A,3,,,,,,,,,,,,,2.0,1.2,1.6*27
$GPRMC,110138.00,A,4155.819365,N,01236.693128,E,000.6,,220219,,,A*72
$GPGGA,110139.00,4155.819218,N,01236.692832,E,1,09,3.2,64.2,M,45.0,M,,*52
$GPGSV,3,1,12,13,74,331,18,28,61,075,33,15,40,307,24,05,37,207,23*79
$GPGSV,3,2,12,30,36,064,42,17,13,129,30,24,13,265,24,07,05,072,38*7B
$GPGSV,3,3,12,19,01,153,10,04,,,22,20,00,330,,08,01,024,*4C
$GLGSV,3,1,09,73,48,032,27,74,70,280,22,75,19,238,21,82,07,030,17*64
$GLGSV,3,2,09,72,70,303,,71,50,165,,65,24,326,,83,04,075,*61
$GLGSV,3,3,09,70,02,155,*58
$GPGSA,A,3,05,07,13,15,17,24,28,30,,,,,2.2,1.5,1.6*3C
$GNGSA,A,3,05,07,13,15,17,24,28,30,,,,,2.2,1.5,1.6*22
$GNGSA,A,3,73,,,,,,,,,,,,2.2,1.5,1.6*2B
$QZGSA,A,3,,,,,,,,,,,,,2.2,1.5,1.6*2D
$IMGSA,A,3,,,,,,,,,,,,,2.2,1.5,1.6*22
$GPRMC,110139.00,A,4155.819218,N,01236.692832,E,000.5,,220219,,,A*78
$GPGGA,110140.00,4155.819519,N,01236.692365,E,1,09,3.2,64.1,M,45.0,M,,*50
$GPGSV,3,1,12,13,74,331,18,28,61,075,33,15,40,307,24,05,37,207,23*79
$GPGSV,3,2,12,30,36,064,42,17,13,129,30,24,13,265,24,07,05,072,38*7B
$GPGSV,3,3,12,19,01,153,10,04,,,22,20,00,330,,08,01,024,*4C
$GLGSV,3,1,09,73,48,032,27,74,70,280,22,75,19,238,21,82,07,030,17*64
$GLGSV,3,2,09,72,70,303,,71,50,165,,65,24,326,,83,04,075,*61
$GLGSV,3,3,09,70,02,155,*58
$GPGSA,A,3,05,07,13,15,17,24,28,30,,,,,2.2,1.5,1.6*3C
$GNGSA,A,3,05,07,13,15,17,24,28,30,,,,,2.2,1.5,1.6*22
$GNGSA,A,3,73,,,,,,,,,,,,2.2,1.5,1.6*2B
$QZGSA,A,3,,,,,,,,,,,,,2.2,1.5,1.6*2D
$IMGSA,A,3,,,,,,,,,,,,,2.2,1.5,1.6*22
$GPRMC,110140.00,A,4155.819519,N,01236.692365,E,000.7,,220219,,,A*7B
$GPGGA,110141.00,4155.819702,N,01236.692104,E,1,09,3.2,63.9,M,45.0,M,,*53
$GPGSV,3,1,12,13,74,332,18,28,61,075,33,15,40,307,24,05,37,207,23*7A
$GPGSV,3,2,12,30,36,064,42,17,13,129,30,24,13,265,24,07,05,072,38*7B
$GPGSV,3,3,12,19,01,153,10,04,,,22,20,00,330,,08,01,024,*4C
$GLGSV,3,1,09,73,48,032,26,74,70,280,22,75,19,238,21,82,07,030,18*6A
$GLGSV,3,2,09,72,70,303,,71,50,165,,65,24,326,,83,04,075,*61
$GLGSV,3,3,09,70,02,155,*58
$GPGSA,A,3,05,07,13,15,17,24,28,30,,,,,2.2,1.5,1.6*3C
$GNGSA,A,3,05,07,13,15,17,24,28,30,,,,,2.2,1.5,1.6*22
$GNGSA,A,3,73,,,,,,,,,,,,2.2,1.5,1.6*2B
$QZGSA,A,3,,,,,,,,,,,,,2.2,1.5,1.6*2D
$IMGSA,A,3,,,,,,,,,,,,,2.2,1.5,1.6*22
$GPRMC,110141.00,A,4155.819702,N,01236.692104,E,001.3,,220219,,,A*72
$GPGGA,110142.00,4155.820543,N,01236.692224,E,1,09,3.2,63.8,M,45.0,M,,*5D
$GPGSV,3,1,12,13,74,332,18,28,61,075,33,15,40,307,24,05,37,207,23*7A
$GPGSV,3,2,12,30,36,064,42,17,13,129,29,24,13,265,24,07,05,072,38*73
$GPGSV,3,3,12,19,01,153,09,04,,,22,20,00,330,,08,01,024,*44
$GLGSV,3,1,09,73,48,032,26,74,70,280,22,75,19,238,21,82,07,030,19*6B
$GLGSV,3,2,09,72,70,303,,71,50,165,,65,24,326,,83,04,075,*61
$GLGSV,3,3,09,70,02,155,*58
$GPGSA,A,3,05,07,13,15,17,24,28,30,,,,,2.2,1.5,1.6*3C
$GNGSA,A,3,05,07,13,15,17,24,28,30,,,,,2.2,1.5,1.6*22
$GNGSA,A,3,73,,,,,,,,,,,,2.2,1.5,1.6*2B
$QZGSA,A,3,,,,,,,,,,,,,2.2,1.5,1.6*2D
$IMGSA,A,3,,,,,,,,,,,,,2.2,1.5,1.6*22
$GPRMC,110142.00,A,4155.820543,N,01236.692224,E,001.0,,220219,,,A*7E
$GPGGA,110143.00,4155.821212,N,01236.692242,E,1,09,3.2,63.6,M,45.0,M,,*50
$GPGSV,3,1,12,13,74,332,18,28,61,075,33,15,40,307,24,05,37,207,23*7A
$GPGSV,3,2,12,30,36,064,42,17,13,129,29,24,13,265,24,07,05,072,38*73
$GPGSV,3,3,12,19,01,153,09,04,,,22,20,00,330,,08,01,024,*44
$GLGSV,3,1,09,73,48,032,25,74,70,280,21,75,19,238,21,82,07,030,19*6B
$GLGSV,3,2,09,72,70,303,,71,50,165,,65,24,326,,83,04,075,*61
$GLGSV,3,3,09,70,02,155,*58
$GPGSA,A,3,05,07,13,15,17,24,28,30,,,,,2.2,1.5,1.6*3C
$GNGSA,A,3,05,07,13,15,17,24,28,30,,,,,2.2,1.5,1.6*22
$GNGSA,A,3,73,,,,,,,,,,,,2.2,1.5,1.6*2B
$QZGSA,A,3,,,,,,,,,,,,,2.2,1.5,1.6*2D
$IMGSA,A,3,,,,,,,,,,,,,2.2,1.5,1.6*22
$GPRMC,110143.00,A,4155.821212,N,01236.692242,E,001.8,,220219,,,A*75
$GPGGA,110144.00,4155.821759,N,01236.691511,E,1,09,3.2,63.5,M,45.0,M,,*5C
$GPGSV,3,1,12,13,74,332,18,28,61,075,34,15,40,307,23,05,37,207,23*7A
$GPGSV,3,2,12,30,36,064,42,17,13,129,29,24,13,265,24,07,05,072,38*73
$GPGSV,3,3,12,19,01,152,09,04,,,23,20,00,330,,08,01,024,*44
$GLGSV,3,1,09,73,48,032,25,74,70,280,21,75,19,238,21,82,07,030,19*6B
$GLGSV,3,2,09,72,70,303,,71,50,165,,65,24,326,,83,04,075,*61
$GLGSV,3,3,09,70,02,155,*58
$GPGSA,A,3,05,07,13,15,17,24,28,30,,,,,2.2,1.5,1.6*3C
$GNGSA,A,3,05,07,13,15,17,24,28,30,,,,,2.2,1.5,1.6*22
$GNGSA,A,3,73,,,,,,,,,,,,2.2,1.5,1.6*2B
$QZGSA,A,3,,,,,,,,,,,,,2.2,1.5,1.6*2D
$IMGSA,A,3,,,,,,,,,,,,,2.2,1.5,1.6*22
$GPRMC,110144.00,A,4155.821759,N,01236.691511,E,001.7,,220219,,,A*75
$GPGGA,110145.00,4155.822071,N,01236.691432,E,1,09,3.2,63.5,M,45.0,M,,*53
$GPGSV,3,1,12,13,74,332,17,28,61,075,34,15,40,307,23,05,37,207,23*75
$GPGSV,3,2,12,30,36,064,42,17,13,129,29,24,13,265,24,07,05,072,37*7C
$GPGSV,3,3,12,19,01,152,,04,,,23,20,00,330,,08,01,024,*4D
$GLGSV,3,1,09,73,48,032,24,74,70,280,21,75,19,238,21,82,07,030,19*6A
$GLGSV,3,2,09,72,70,303,,71,50,165,,65,24,326,,83,04,075,*61
$GLGSV,3,3,09,70,02,155,*58
$GPGSA,A,3,05,07,13,15,17,24,28,30,,,,,2.2,1.5,1.6*3C
$GNGSA,A,3,05,07,13,15,17,24,28,30,,,,,2.2,1.5,1.6*22
$GNGSA,A,3,73,,,,,,,,,,,,2.2,1.5,1.6*2B
$QZGSA,A,3,,,,,,,,,,,,,2.2,1.5,1.6*2D
$IMGSA,A,3,,,,,,,,,,,,,2.2,1.5,1.6*22
$GPRMC,110145.00,A,4155.822071,N,01236.691432,E,000.2,,220219,,,A*7E
$GPGGA,110146.00,4155.822081,N,01236.691319,E,1,09,3.2,63.5,M,45.0,M,,*51
$GPGSV,3,1,12,13,74,332,17,28,61,075,34,15,40,307,23,05,37,207,23*75
$GPGSV,3,2,12,30,36,064,42,17,13,129,29,24,13,265,24,07,05,072,37*7C
$GPGSV,3,3,12,19,01,152,09,04,,,23,20,00,330,,08,01,024,*44
$GLGSV,3,1,09,73,48,032,24,74,70,280,21,75,19,238,21,82,07,030,19*6A
$GLGSV,3,2,09,72,70,303,,71,50,165,,65,24,326,,83,04,075,*61
$GLGSV,3,3,09,70,02,155,*58
$GPGSA,A,3,05,07,13,15,17,24,28,30,,,,,2.2,1.5,1.6*3C
$GNGSA,A,3,05,07,13,15,17,24,28,30,,,,,2.2,1.5,1.6*22
$GNGSA,A,3,73,,,,,,,,,,,,2.2,1.5,1.6*2B
$QZGSA,A,3,,,,,,,,,,,,,2.2,1.5,1.6*2D
$IMGSA,A,3,,,,,,,,,,,,,2.2,1.5,1.6*22
$GPRMC,110146.00,A,4155.822081,N,01236.691319,E,000.0,,220219,,,A*7E
$GPGGA,110147.00,4155.822070,N,01236.691314,E,1,09,3.2,63.5,M,45.0,M,,*53
$GPGSV,3,1,12,13,74,332,17,28,61,075,34,15,40,307,23,05,37,207,23*75
$GPGSV,3,2,12,30,36,064,42,17,13,129,28,24,13,265,24,07,05,072,37*7D
$GPGSV,3,3,12,19,01,152,,04,,,23,20,00,330,,08,01,024,*4D
$GLGSV,3,1,09,73,48,032,23,74,70,280,21,75,19,238,22,82,07,030,19*6E
$GLGSV,3,2,09,72,70,303,,71,50,165,,65,24,326,,83,04,075,*61
$GLGSV,3,3,09,70,02,155,*58
$GPGSA,A,3,05,07,13,15,17,24,28,30,,,,,2.2,1.5,1.6*3C
$GNGSA,A,3,05,07,13,15,17,24,28,30,,,,,2.2,1.5,1.6*22
$GNGSA,A,3,73,,,,,,,,,,,,2.2,1.5,1.6*2B
$QZGSA,A,3,,,,,,,,,,,,,2.2,1.5,1.6*2D
$IMGSA,A,3,,,,,,,,,,,,,2.2,1.5,1.6*22
$GPRMC,110147.00,A,4155.822070,N,01236.691314,E,000.0,,220219,,,A*7C
$GPGGA,110148.00,4155.822061,N,01236.691302,E,1,09,3.2,63.5,M,45.0,M,,*5B
$GPGSV,3,1,12,13,74,332,18,28,61,075,35,15,40,307,23,05,37,207,23*7B
$GPGSV,3,2,12,30,35,064,42,17,13,129,28,24,13,265,24,07,05,072,37*7E
$GPGSV,3,3,12,19,01,152,09,04,,,23,20,00,330,,08,01,024,*44
$GLGSV,3,1,09,73,48,032,23,74,70,280,20,75,19,238,22,82,07,030,19*6F
$GLGSV,3,2,09,72,70,303,,71,50,165,,65,24,326,,83,04,075,*61
$GLGSV,3,3,09,70,02,155,*58
$GPGSA,A,3,05,07,13,15,17,24,28,30,,,,,2.2,1.5,1.6*3C
$GNGSA,A,3,05,07,13,15,17,24,28,30,,,,,2.2,1.5,1.6*22
$GNGSA,A,3,73,,,,,,,,,,,,2.2,1.5,1.6*2B
$QZGSA,A,3,,,,,,,,,,,,,2.2,1.5,1.6*2D
$IMGSA,A,3,,,,,,,,,,,,,2.2,1.5,1.6*22
$GPRMC,110148.00,A,4155.822061,N,01236.691302,E,000.0,,220219,,,A*74
$GPGGA,110149.00,4155.822068,N,01236.691290,E,1,09,3.2,63.5,M,45.0,M,,*59
$GPGSV,3,1,12,13,74,332,19,28,61,075,35,15,40,307,23,05,37,207,22*7B
$GPGSV,3,2,12,30,35,064,42,17,13,129,28,24,13,265,24,07,05,072,37*7E
$GPGSV,3,3,12,19,01,152,09,04,,,23,20,00,330,,08,01,024,*44
$GLGSV,3,1,09,73,48,032,22,74,70,280,20,75,19,238,22,82,07,030,19*6E
$GLGSV,3,2,09,72,70,303,,71,50,165,,65,24,326,,83,04,075,*61
$GLGSV,3,3,09,70,02,155,*58
$GPGSA,A,3,05,07,13,15,17,24,28,30,,,,,2.2,1.5,1.6*3C
$GNGSA,A,3,05,07,13,15,17,24,28,30,,,,,2.2,1.5,1.6*22
$GNGSA,A,3,73,,,,,,,,,,,,2.2,1.5,1.6*2B
$QZGSA,A,3,,,,,,,,,,,,,2.2,1.5,1.6*2D
$IMGSA,A,3,,,,,,,,,,,,,2.2,1.5,1.6*22
$GPRMC,110149.00,A,4155.822068,N,01236.691290,E,000.0,,220219,,,A*76
$GPGGA,110150.00,4155.821890,N,01236.691177,E,1,09,3.2,63.4,M,45.0,M,,*56
$GPGSV,3,1,12,13,74,332,20,28,61,075,35,15,40,307,23,05,37,207,22*71
$GPGSV,3,2,12,30,35,064,42,17,13,129,28,24,13,265,24,07,05,072,37*7E
$GPGSV,3,3,12,19,01,152,09,04,,,23,20,00,330,,08,01,024,*44
$GLGSV,3,1,09,73,48,032,22,74,70,280,20,75,19,238,23,82,07,030,21*64
$GLGSV,3,2,09,72,70,303,,71,50,165,,65,24,326,,83,04,075,*61
$GLGSV,3,3,09,70,02,155,*58
$GPGSA,A,3,05,07,13,15,17,24,28,30,,,,,2.2,1.5,1.6*3C
$GNGSA,A,3,05,07,13,15,17,24,28,30,,,,,2.2,1.5,1.6*22
$GNGSA,A,3,73,,,,,,,,,,,,2.2,1.5,1.6*2B
$QZGSA,A,3,,,,,,,,,,,,,2.2,1.5,1.6*2D
$IMGSA,A,3,,,,,,,,,,,,,2.2,1.5,1.6*22
$GPRMC,110150.00,A,4155.821890,N,01236.691177,E,001.9,,220219,,,A*70
$GPGGA,110151.00,4155.822328,N,01236.691261,E,1,09,3.2,63.3,M,45.0,M,,*5F
$GPGSV,3,1,12,13,74,332,20,28,61,075,35,15,40,307,23,05,37,207,21*72
$GPGSV,3,2,12,30,35,064,42,17,13,129,28,24,13,265,24,07,05,072,36*7F
$GPGSV,3,3,12,19,01,152,10,04,,,23,20,00,330,,08,01,024,*4C
$GLGSV,3,1,09,73,48,032,21,74,70,280,19,75,19,238,23,82,07,030,22*6E
$GLGSV,3,2,09,72,70,302,,71,50,165,,65,24,326,,83,04,075,*60
$GLGSV,3,3,09,70,02,155,*58
$GPGSA,A,3,05,07,13,15,17,24,28,30,,,,,2.3,1.6,1.6*3E
$GNGSA,A,3,05,07,13,15,17,24,28,30,,,,,2.3,1.6,1.6*20
$GNGSA,A,3,73,,,,,,,,,,,,2.3,1.6,1.6*29
$QZGSA,A,3,,,,,,,,,,,,,2.3,1.6,1.6*2F
$IMGSA,A,3,,,,,,,,,,,,,2.3,1.6,1.6*20
$GPRMC,110151.00,A,4155.822328,N,01236.691261,E,002.1,,220219,,,A*75
$GPGGA,110152.00,4155.823270,N,01236.690965,E,1,09,3.2,63.2,M,45.0,M,,*5E
$GPGSV,3,1,12,13,74,332,20,28,61,075,34,15,40,307,23,05,37,207,20*72
$GPGSV,3,2,12,30,35,064,42,17,13,129,28,24,13,265,24,07,05,072,36*7F
$GPGSV,3,3,12,19,01,152,10,04,,,22,20,00,330,,08,01,024,*4D
$GLGSV,3,1,09,73,48,032,21,74,70,280,19,75,19,238,23,82,07,030,22*6E
$GLGSV,3,2,09,72,70,302,,71,50,165,,65,24,326,,83,04,075,*60
$GLGSV,3,3,09,70,02,155,*58
$GPGSA,A,3,05,07,13,15,17,24,28,30,,,,,2.2,1.5,1.6*3C
$GNGSA,A,3,05,07,13,15,17,24,28,30,,,,,2.2,1.5,1.6*22
$GNGSA,A,3,73,,,,,,,,,,,,2.2,1.5,1.6*2B
$QZGSA,A,3,,,,,,,,,,,,,2.2,1.5,1.6*2D
$IMGSA,A,3,,,,,,,,,,,,,2.2,1.5,1.6*22
$GPRMC,110152.00,A,4155.823270,N,01236.690965,E,002.4,,220219,,,A*70
$GPGGA,110153.00,4155.823705,N,01236.690581,E,1,09,3.2,63.1,M,45.0,M,,*5D
$GPGSV,3,1,12,13,74,332,20,28,61,075,34,15,40,307,23,05,37,207,19*78
$GPGSV,3,2,12,30,35,064,42,17,13,129,28,24,13,265,24,07,05,072,36*7F
$GPGSV,3,3,12,19,01,152,10,04,,,22,20,00,330,,08,01,024,*4D
$GLGSV,3,1,09,73,48,032,21,74,70,280,20,75,19,238,23,82,07,030,23*65
$GLGSV,3,2,09,72,70,302,,71,50,165,,65,25,326,,83,04,075,*61
$GLGSV,3,3,09,70,02,155,*58
$GPGSA,A,3,05,07,13,15,17,24,28,30,,,,,2.2,1.5,1.6*3C
$GNGSA,A,3,05,07,13,15,17,24,28,30,,,,,2.2,1.5,1.6*22
$GNGSA,A,3,73,,,,,,,,,,,,2.2,1.5,1.6*2B
$QZGSA,A,3,,,,,,,,,,,,,2.2,1.5,1.6*2D
$IMGSA,A,3,,,,,,,,,,,,,2.2,1.5,1.6*22
$GPRMC,110153.00,A,4155.823705,N,01236.690581,E,002.2,,220219,,,A*76
$GPGGA,110154.00,4155.823686,N,01236.690567,E,1,08,3.2,63.0,M,45.0,M,,*58
$GPGSV,3,1,12,13,74,332,20,28,61,075,34,15,40,307,23,05,37,207,19*78
$GPGSV,3,2,12,30,35,064,42,17,13,129,28,24,13,265,24,07,05,072,35*7C
$GPGSV,3,3,12,19,01,152,10,04,,,22,20,00,330,,08,01,024,*4D
$GLGSV,3,1,09,73,48,032,20,74,70,280,20,75,19,238,23,82,07,030,23*64
$GLGSV,3,2,09,72,70,302,,71,50,165,,65,25,326,,83,04,075,*61
$GLGSV,3,3,09,70,02,155,*58
$GPGSA,A,3,07,13,15,17,24,28,30,,,,,,2.0,1.2,1.6*3C
$GNGSA,A,3,07,13,15,17,24,28,30,,,,,,2.0,1.2,1.6*22
$GNGSA,A,3,73,,,,,,,,,,,,2.0,1.2,1.6*2E
$QZGSA,A,3,,,,,,,,,,,,,2.0,1.2,1.6*28
$IMGSA,A,3,,,,,,,,,,,,,2.0,1.2,1.6*27
$GPRMC,110154.00,A,4155.823686,N,01236.690567,E,001.5,,220219,,,A*77
$GPGGA,110155.00,4155.823727,N,01236.690408,E,1,08,3.2,62.9,M,45.0,M,,*53
$GPGSV,3,1,12,13,74,332,19,28,61,075,35,15,40,307,23,05,37,207,18*72
$GPGSV,3,2,12,30,35,064,42,17,13,129,28,24,13,265,24,07,05,072,35*7C
$GPGSV,3,3,12,19,01,152,10,04,,,22,20,00,330,,08,01,024,*4D
$GLGSV,3,1,09,73,48,032,20,74,70,280,21,75,19,238,24,82,07,030,23*62
$GLGSV,3,2,09,72,70,302,,71,50,165,,65,25,326,,83,04,075,*61
$GLGSV,3,3,09,70,02,155,*58
$GPGSA,A,3,07,13,15,17,24,28,30,,,,,,2.2,1.5,1.6*39
$GNGSA,A,3,07,13,15,17,24,28,30,,,,,,2.2,1.5,1.6*27
$GNGSA,A,3,73,,,,,,,,,,,,2.2,1.5,1.6*2B
$QZGSA,A,3,,,,,,,,,,,,,2.2,1.5,1.6*2D
$IMGSA,A,3,,,,,,,,,,,,,2.2,1.5,1.6*22
$GPRMC,110155.00,A,4155.823727,N,01236.690408,E,001.3,,220219,,,A*72
$GPGGA,110156.00,4155.823746,N,01236.690384,E,1,09,3.2,62.8,M,45.0,M,,*54
$GPGSV,3,1,12,13,74,332,19,28,61,075,35,15,40,307,23,05,37,207,17*7D
$GPGSV,3,2,12,30,35,064,42,17,13,129,28,24,13,265,25,07,05,072,35*7D
$GPGSV,3,3,12,19,01,152,10,04,,,21,20,00,330,,08,01,024,*4E
$GLGSV,3,1,09,73,48,032,20,74,70,280,22,75,19,238,25,82,07,030,23*60
$GLGSV,3,2,09,72,70,302,,71,50,165,,65,25,326,,83,04,075,*61
$GLGSV,3,3,09,70,02,155,*58
$GPGSA,A,3,05,07,13,15,17,24,28,30,,,,,2.0,1.2,1.6*39
$GNGSA,A,3,05,07,13,15,17,24,28,30,,,,,2.0,1.2,1.6*27
$GNGSA,A,3,73,,,,,,,,,,,,2.0,1.2,1.6*2E
$QZGSA,A,3,,,,,,,,,,,,,2.0,1.2,1.6*28
$IMGSA,A,3,,,,,,,,,,,,,2.0,1.2,1.6*27
$GPRMC,110156.00,A,4155.823746,N,01236.690384,E,000.3,,220219,,,A*74
$GPGGA,110157.00,4155.823726,N,01236.690371,E,1,09,3.2,62.8,M,45.0,M,,*59
$GPGSV,3,1,12,13,74,332,19,28,61,075,35,15,40,307,24,05,37,207,17*7A
$GPGSV,3,2,12,30,35,064,42,17,13,129,28,24,13,265,25,07,05,072,35*7D
$GPGSV,3,3,12,19,01,152,10,04,,,21,20,00,330,,08,01,024,*4E
$GLGSV,3,1,09,73,48,033,22,74,70,280,22,75,19,238,25,82,07,030,23*63
$GLGSV,3,2,09,72,70,302,,71,50,165,,65,25,326,,83,04,075,*61
$GLGSV,3,3,09,70,02,155,*58
$GPGSA,A,3,05,07,13,15,17,24,28,30,,,,,2.0,1.2,1.6*39
$GNGSA,A,3,05,07,13,15,17,24,28,30,,,,,2.0,1.2,1.6*27
$GNGSA,A,3,73,,,,,,,,,,,,2.0,1.2,1.6*2E
$QZGSA,A,3,,,,,,,,,,,,,2.0,1.2,1.6*28
$IMGSA,A,3,,,,,,,,,,,,,2.0,1.2,1.6*27
$GPRMC,110157.00,A,4155.823726,N,01236.690371,E,000.9,,220219,,,A*73
$GPGGA,110158.00,4155.823892,N,01236.690514,E,1,09,3.2,62.7,M,45.0,M,,*5C
$GPGSV,3,1,12,13,74,332,19,28,61,075,35,15,40,307,23,05,37,207,17*7D
$GPGSV,3,2,12,30,35,064,42,17,13,129,29,24,13,265,25,07,05,072,35*7C
$GPGSV,3,3,12,19,01,152,10,04,,,21,20,00,330,,08,01,024,*4E
$GLGSV,3,1,09,73,48,033,22,74,70,280,22,75,19,238,25,82,07,030,23*63
$GLGSV,3,2,09,72,70,302,,71,50,165,,65,25,326,,83,04,075,*61
$GLGSV,3,3,09,70,02,155,*58
$GPGSA,A,3,05,07,13,15,17,24,28,30,,,,,2.0,1.2,1.6*39
$GNGSA,A,3,05,07,13,15,17,24,28,30,,,,,2.0,1.2,1.6*27
$GNGSA,A,3,73,,,,,,,,,,,,2.0,1.2,1.6*2E
$QZGSA,A,3,,,,,,,,,,,,,2.0,1.2,1.6*28
$IMGSA,A,3,,,,,,,,,,,,,2.0,1.2,1.6*27
$GPRMC,110158.00,A,4155.823892,N,01236.690514,E,001.4,,220219,,,A*75
$GPGGA,110159.00,4155.824070,N,01236.690808,E,1,09,3.2,62.6,M,45.0,M,,*5F
$GPGSV,3,1,12,13,74,332,19,28,61,075,35,15,40,307,23,05,37,207,17*7D
$GPGSV,3,2,12,30,35,064,42,17,13,129,29,24,13,265,25,07,05,072,35*7C
$GPGSV,3,3,12,19,01,152,10,04,,,21,20,00,330,,08,01,024,*4E
$GLGSV,3,1,09,73,48,033,23,74,70,280,22,75,19,238,25,82,07,030,23*62
$GLGSV,3,2,09,72,70,302,,71,50,165,,65,25,326,,83,04,075,*61
$GLGSV,3,3,09,70,02,155,*58
$GPGSA,A,3,05,07,13,15,17,24,28,30,,,,,2.0,1.2,1.6*39
$GNGSA,A,3,05,07,13,15,17,24,28,30,,,,,2.0,1.2,1.6*27
$GNGSA,A,3,73,,,,,,,,,,,,2.0,1.2,1.6*2E
$QZGSA,A,3,,,,,,,,,,,,,2.0,1.2,1.6*28
$IMGSA,A,3,,,,,,,,,,,,,2.0,1.2,1.6*27
$GPRMC,110159.00,A,4155.824070,N,01236.690808,E,001.4,,220219,,,A*77
$GPGGA,110200.00,4155.824291,N,01236.690674,E,1,09,3.2,62.5,M,45.0,M,,*5B
$GPGSV,3,1,12,13,74,332,18,28,61,075,35,15,40,307,23,05,37,207,16*7D
$GPGSV,3,2,12,30,35,064,42,17,13,129,29,24,13,265,25,07,05,072,35*7C
$GPGSV,3,3,12,19,01,152,09,04,,,20,20,00,330,,08,01,024,*47
$GLGSV,3,1,09,73,48,033,23,74,70,280,21,75,19,238,25,82,07,030,22*60
$GLGSV,3,2,09,72,70,302,,71,50,165,,65,25,326,,83,04,075,*61
$GLGSV,3,3,09,70,02,155,*58
$GPGSA,A,3,05,07,13,15,17,24,28,30,,,,,2.1,1.2,1.8*36
$GNGSA,A,3,05,07,13,15,17,24,28,30,,,,,2.1,1.2,1.8*28
$GNGSA,A,3,73,,,,,,,,,,,,2.1,1.2,1.8*21
$QZGSA,A,3,,,,,,,,,,,,,2.1,1.2,1.8*27
$IMGSA,A,3,,,,,,,,,,,,,2.1,1.2,1.8*28
$GPRMC,110200.00,A,4155.824291,N,01236.690674,E,001.3,,220219,,,A*77
$GPGGA,110201.00,4155.823986,N,01236.690479,E,1,09,3.2,62.4,M,45.0,M,,*5E
$GPGSV,3,1,12,13,74,332,18,28,61,075,35,15,40,307,23,05,37,207,16*7D
$GPGSV,3,2,12,30,35,064,42,17,13,129,30,24,13,265,25,07,05,072,35*74
$GPGSV,3,3,12,19,01,152,09,04,,,20,20,00,330,,08,01,024,*47
$GLGSV,3,1,09,73,48,033,23,74,70,280,21,75,19,238,25,82,07,030,22*60
$GLGSV,3,2,09,72,70,302,,71,50,165,,65,25,326,,83,04,075,*61
$GLGSV,3,3,09,70,02,155,*58
$GPGSA,A,3,05,07,13,15,17,24,28,30,,,,,2.0,1.2,1.6*39
$GNGSA,A,3,05,07,13,15,17,24,28,30,,,,,2.0,1.2,1.6*27
$GNGSA,A,3,73,,,,,,,,,,,,2.0,1.2,1.6*2E
$QZGSA,A,3,,,,,,,,,,,,,2.0,1.2,1.6*28
$IMGSA,A,3,,,,,,,,,,,,,2.0,1.2,1.6*27
$GPRMC,110201.00,A,4155.823986,N,01236.690479,E,000.9,,220219,,,A*78
$GPGGA,110202.00,4155.823692,N,01236.690448,E,1,09,3.2,62.3,M,45.0,M,,*52
$GPGSV,3,1,12,13,74,332,17,28,61,075,35,15,40,307,24,05,37,207,16*75
$GPGSV,3,2,12,30,35,064,42,17,13,129,30,24,13,265,24,07,05,072,35*75
$GPGSV,3,3,12,19,01,152,09,20,00,330,,04,,,20,08,01,024,*47
$GLGSV,3,1,09,73,48,033,23,74,70,280,20,75,19,238,25,82,07,030,21*62
$GLGSV,3,2,09,72,70,302,,71,50,165,,65,25,326,,83,04,075,*61
$GLGSV,3,3,09,70,02,155,*58
$GPGSA,A,3,05,07,13,15,17,24,28,30,,,,,2.1,1.2,1.8*36
$GNGSA,A,3,05,07,13,15,17,24,28,30,,,,,2.1,1.2,1.8*28
$GNGSA,A,3,73,,,,,,,,,,,,2.1,1.2,1.8*21
$QZGSA,A,3,,,,,,,,,,,,,2.1,1.2,1.8*27
$IMGSA,A,3,,,,,,,,,,,,,2.1,1.2,1.8*28
$GPRMC,110202.00,A,4155.823692,N,01236.690448,E,001.0,,220219,,,A*7B
$GPGGA,110203.00,4155.823046,N,01236.690663,E,1,09,3.2,62.3,M,45.0,M,,*57
$GPGSV,3,1,12,13,74,332,17,28,61,075,35,15,40,307,23,05,37,207,16*72
$GPGSV,3,2,12,30,35,064,42,17,13,129,30,24,13,265,24,07,05,072,35*75
$GPGSV,3,3,12,19,01,152,09,20,00,330,,04,,,20,08,01,024,*47
$GLGSV,3,1,09,73,48,033,23,74,70,280,20,75,19,238,25,82,07,030,21*62
$GLGSV,3,2,09,72,70,302,,71,50,165,,65,25,326,,83,04,075,*61
$GLGSV,3,3,09,70,02,155,*58
$GPGSA,A,3,05,07,13,15,17,24,28,30,,,,,2.1,1.2,1.8*36
$GNGSA,A,3,05,07,13,15,17,24,28,30,,,,,2.1,1.2,1.8*28
$GNGSA,A,3,73,,,,,,,,,,,,2.1,1.2,1.8*21
$QZGSA,A,3,,,,,,,,,,,,,2.1,1.2,1.8*27
$IMGSA,A,3,,,,,,,,,,,,,2.1,1.2,1.8*28
$GPRMC,110203.00,A,4155.823046,N,01236.690663,E,000.7,,220219,,,A*78
$GPGGA,110204.00,4155.822667,N,01236.690820,E,1,09,3.2,62.2,M,45.0,M,,*5C
$GPGSV,3,1,12,13,74,332,17,28,61,075,35,15,40,307,23,05,37,207,16*72
$GPGSV,3,2,12,30,35,064,41,17,13,129,30,24,13,265,24,07,05,072,35*76
$GPGSV,3,3,12,19,01,152,,20,00,330,,04,,,19,08,01,024,*44
$GLGSV,3,1,09,73,48,033,24,74,70,280,19,75,19,238,25,82,07,030,23*6D
$GLGSV,3,2,09,72,70,302,,71,50,165,,65,25,326,,83,04,075,*61
$GLGSV,3,3,09,70,02,155,*58
$GPGSA,A,3,05,07,13,15,17,24,28,30,,,,,2.1,1.2,1.8*36
$GNGSA,A,3,05,07,13,15,17,24,28,30,,,,,2.1,1.2,1.8*28
$GNGSA,A,3,73,,,,,,,,,,,,2.1,1.2,1.8*21
$QZGSA,A,3,,,,,,,,,,,,,2.1,1.2,1.8*27
$IMGSA,A,3,,,,,,,,,,,,,2.1,1.2,1.8*28
$GPRMC,110204.00,A,4155.822667,N,01236.690820,E,000.5,,220219,,,A*70
$GPGGA,110205.00,4155.822246,N,01236.691258,E,1,09,3.2,62.1,M,45.0,M,,*5D
$GPGSV,3,1,12,13,74,332,16,28,61,075,35,15,40,307,23,05,37,207,16*73
$GPGSV,3,2,12,30,35,064,41,17,13,129,30,24,13,265,24,07,05,072,35*76
$GPGSV,3,3,12,19,01,152,09,20,00,330,,04,,,19,08,01,024,*4D
$GLGSV,3,1,09,73,48,033,24,74,70,280,19,75,19,238,25,82,07,030,23*6D
$GLGSV,3,2,09,72,70,302,,71,50,165,,65,25,326,,83,04,075,*61
$GLGSV,3,3,09,70,02,155,*58
$GPGSA,A,3,05,07,13,15,17,24,28,30,,,,,2.1,1.2,1.8*36
$GNGSA,A,3,05,07,13,15,17,24,28,30,,,,,2.1,1.2,1.8*28
$GNGSA,A,3,73,,,,,,,,,,,,2.1,1.2,1.8*21
$QZGSA,A,3,,,,,,,,,,,,,2.1,1.2,1.8*27
$IMGSA,A,3,,,,,,,,,,,,,2.1,1.2,1.8*28
$GPRMC,110205.00,A,4155.822246,N,01236.691258,E,000.4,,220219,,,A*73
$GPGGA,110206.00,4155.822040,N,01236.691801,E,1,09,3.2,62.0,M,45.0,M,,*5D
$GPGSV,3,1,12,13,74,332,16,28,61,075,35,15,40,307,23,05,37,207,16*73
$GPGSV,3,2,12,30,35,064,41,17,13,129,30,24,13,265,23,07,05,072,35*71
$GPGSV,3,3,12,19,01,152,09,20,00,330,,04,,,19,08,01,024,*4D
$GLGSV,3,1,09,73,48,033,24,74,70,280,19,75,19,238,25,82,07,030,24*6A
$GLGSV,3,2,09,72,70,302,,71,50,165,,65,25,326,,83,04,075,*61
$GLGSV,3,3,09,70,01,155,*5B
$GPGSA,A,3,05,07,13,15,17,24,28,30,,,,,2.1,1.2,1.8*36
$GNGSA,A,3,05,07,13,15,17,24,28,30,,,,,2.1,1.2,1.8*28
$GNGSA,A,3,73,,,,,,,,,,,,2.1,1.2,1.8*21
$QZGSA,A,3,,,,,,,,,,,,,2.1,1.2,1.8*27
$IMGSA,A,3,,,,,,,,,,,,,2.1,1.2,1.8*28
$GPRMC,110206.00,A,4155.822040,N,01236.691801,E,000.4,,220219,,,A*72
$GPGGA,110207.00,4155.821751,N,01236.692185,E,1,09,3.2,62.0,M,45.0,M,,*5E
$GPGSV,3,1,12,13,74,332,16,28,61,075,35,15,40,307,23,05,37,207,16*73
$GPGSV,3,2,12,30,35,064,41,17,13,129,30,24,13,265,23,07,05,072,35*71
$GPGSV,3,3,12,19,01,152,09,20,00,330,,08,01,024,,04,,,19*4D
$GLGSV,3,1,09,73,48,033,24,74,70,280,19,75,19,238,25,82,07,030,24*6A
$GLGSV,3,2,09,72,70,302,,71,50,165,,65,25,326,,83,04,075,*61
$GLGSV,3,3,09,70,01,155,*5B
$GPGSA,A,3,05,07,13,15,17,24,28,30,,,,,2.1,1.2,1.8*36
$GNGSA,A,3,05,07,13,15,17,24,28,30,,,,,2.1,1.2,1.8*28
$GNGSA,A,3,73,,,,,,,,,,,,2.1,1.2,1.8*21
$QZGSA,A,3,,,,,,,,,,,,,2.1,1.2,1.8*27
$IMGSA,A,3,,,,,,,,,,,,,2.1,1.2,1.8*28
$GPRMC,110207.00,A,4155.821751,N,01236.692185,E,000.2,,220219,,,A*77
$GPGGA,110208.00,4155.821418,N,01236.692106,E,1,09,3.2,62.0,M,45.0,M,,*54
$GPGSV,3,1,12,13,74,332,16,28,61,075,35,15,40,307,23,05,37,207,16*73
$GPGSV,3,2,12,30,35,064,41,17,13,129,31,24,13,265,23,07,05,072,35*70
$GPGSV,3,3,12,19,01,152,08,20,00,330,,08,01,024,,04,,,19*4C
$GLGSV,3,1,09,73,48,033,24,74,70,280,19,75,19,238,25,82,07,030,24*6A
$GLGSV,3,2,09,72,70,302,,71,50,165,,65,25,326,,83,04,075,*61
$GLGSV,3,3,09,70,01,155,*5B
$GPGSA,A,3,05,07,13,15,17,24,28,30,,,,,2.4,1.5,1.8*34
$GNGSA,A,3,05,07,13,15,17,24,28,30,,,,,2.4,1.5,1.8*2A
$GNGSA,A,3,73,,,,,,,,,,,,2.4,1.5,1.8*23
$QZGSA,A,3,,,,,,,,,,,,,2.4,1.5,1.8*25
$IMGSA,A,3,,,,,,,,,,,,,2.4,1.5,1.8*2A
$GPRMC,110208.00,A,4155.821418,N,01236.692106,E,000.7,,220219,,,A*78